     0	     0	 0.0102173	 0.0696845	  0.157325	   0.20296	  0.199005	  0.169525	  0.136081	  0.102941	  0.070297	  0.062716	  0.236613	  0.331171	  0.310415	  0.248101	  0.198046	  0.153258	   0.10782	  0.066624
     1	     0	 0.0103067	 0.0699905	  0.159709	  0.207219	  0.203391	  0.172681	  0.137992	  0.104254	 0.0714525	 0.0602305	  0.230089	  0.327715	  0.308737	  0.247048	  0.197274	  0.152607	  0.107196	 0.0662868
     2	     0	0.00999139	 0.0684331	  0.155251	  0.201525	  0.198289	  0.169124	  0.136085	  0.103583	 0.0714673	 0.0588974	  0.227238	  0.323614	  0.307556	  0.249044	  0.200587	   0.15633	  0.110823	 0.0691586
     3	     0	 0.0104608	 0.0710176	   0.15872	  0.203024	  0.198101	  0.168411	  0.135345	   0.10297	 0.0710716	 0.0639579	  0.238321	  0.330245	   0.30688	  0.244711	  0.195896	  0.152523	  0.108365	 0.0679576
     4	     0	0.00986877	 0.0691568	  0.157054	  0.202676	  0.198519	  0.169158	  0.136124	   0.10332	 0.0707807	  0.062476	  0.237438	  0.330687	  0.307922	  0.245498	  0.195539	   0.15098	  0.106305	 0.0660276
     5	     0	 0.0105663	 0.0702624	  0.158616	  0.204215	  0.199932	  0.169919	  0.135995	  0.102897	 0.0706347	 0.0624263	  0.232919	   0.32582	  0.304733	  0.244721	  0.196642	  0.152928	  0.108015	 0.0670334
     6	     0	 0.0105536	 0.0680152	   0.15782	  0.206092	  0.202282	  0.171522	  0.137418	  0.104752	 0.0729414	 0.0582217	   0.22312	  0.322425	  0.307972	  0.249377	  0.201126	  0.157763	  0.112983	 0.0716106
     7	     0	 0.0109902	 0.0713636	   0.16106	  0.206461	  0.201114	  0.170433	   0.13651	   0.10377	 0.0718581	 0.0618399	  0.229475	  0.322903	  0.300818	  0.238815	  0.190948	  0.148948	   0.10593	 0.0665338
     8	     0	 0.0109925	 0.0730694	  0.162096	  0.206899	  0.201268	  0.170179	  0.135892	  0.102686	 0.0703614	 0.0643945	   0.23941	  0.334342	  0.312235	  0.246865	  0.195847	  0.151676	  0.107024	  0.066494
     9	     0	 0.0105763	 0.0693929	  0.157015	  0.204028	  0.200881	  0.170943	  0.136645	  0.103051	 0.0703804	 0.0604709	  0.229055	  0.325599	  0.308505	  0.248523	  0.199381	  0.154666	  0.108782	  0.067144
    10	     0	  0.010758	 0.0715001	  0.159641	  0.203859	  0.197832	  0.166702	  0.132523	 0.0995697	 0.0677753	 0.0635659	   0.23601	  0.328644	  0.304547	  0.240247	  0.190434	  0.147015	  0.103232	 0.0637864
    11	     0	 0.0106343	 0.0709351	   0.15875	  0.204487	   0.20023	  0.169543	  0.134701	   0.10068	 0.0679116	 0.0632045	  0.236931	  0.333371	  0.313894	  0.250032	  0.198565	  0.153097	  0.106914	 0.0652748
    12	     0	 0.0109733	 0.0715343	  0.161885	  0.209036	  0.205029	  0.174383	   0.13998	  0.106658	 0.0740875	 0.0636982	  0.236253	  0.333478	  0.315761	  0.253069	  0.202878	  0.159038	  0.113824	 0.0718832
    13	     0	 0.0104737	 0.0706908	  0.159685	   0.20476	  0.199363	  0.168782	  0.134999	  0.102131	 0.0700032	 0.0632633	   0.23765	  0.332438	  0.310015	   0.24692	  0.197068	  0.152833	  0.107931	 0.0671263
    14	     0	 0.0104139	 0.0699587	  0.158853	  0.204917	  0.201551	  0.172967	  0.140668	  0.108709	 0.0765707	 0.0623286	  0.235203	  0.330728	  0.311306	  0.252192	   0.20498	  0.162083	  0.117286	 0.0751841
    15	     0	  0.010575	 0.0722049	  0.162049	  0.207237	  0.201883	  0.171552	  0.138051	  0.105263	 0.0728514	 0.0653266	  0.242761	  0.335718	  0.311516	   0.24693	  0.196815	  0.153123	  0.109064	 0.0687321
    16	     0	 0.0108545	 0.0726409	  0.164488	  0.212817	  0.208229	  0.176157	  0.140521	  0.106208	 0.0728854	 0.0612652	  0.234058	  0.334065	  0.316349	  0.252314	  0.200465	  0.154613	  0.108499	 0.0670811
    17	     0	 0.0109138	 0.0721963	   0.16142	  0.207942	  0.203945	  0.173675	  0.139565	   0.10607	 0.0730556	 0.0643246	  0.240887	  0.337949	  0.318744	  0.255015	  0.203781	  0.158441	  0.112271	  0.070014
    18	     0	 0.0109142	 0.0707648	  0.159914	  0.203487	  0.196826	  0.166435	  0.134214	  0.103535	 0.0732733	 0.0628985	  0.234565	  0.330184	  0.307067	  0.243714	  0.196132	  0.155452	  0.113419	 0.0737999
    19	     0	 0.0106974	 0.0687603	  0.156885	  0.203173	  0.199202	  0.169121	  0.135295	  0.102548	 0.0707237	  0.060411	   0.22753	  0.324129	  0.306099	  0.245737	  0.197435	  0.154196	  0.109557	 0.0685416
    20	     0	 0.0104918	 0.0695504	  0.159633	   0.20427	  0.197777	  0.167216	  0.134762	  0.103774	 0.0731666	 0.0617176	  0.235286	  0.335409	  0.312119	  0.247212	  0.198596	  0.156685	  0.113554	 0.0732808
    21	     0	  0.010695	 0.0708588	  0.159281	  0.205684	   0.20227	  0.172699	  0.139187	  0.106412	 0.0740866	 0.0622123	  0.233873	  0.330161	   0.31152	  0.249806	   0.20061	  0.157121	  0.112522	 0.0713026
    22	     0	 0.0109569	 0.0699004	  0.158811	  0.205271	  0.201577	  0.172027	  0.138699	  0.106141	 0.0739943	 0.0614511	  0.230433	  0.325753	   0.30637	  0.247232	  0.199818	  0.156677	  0.112038	 0.0707902
    23	     0	 0.0111624	  0.073639	  0.162713	  0.207564	  0.201805	  0.170571	  0.136385	  0.103452	 0.0713697	 0.0648186	  0.240241	  0.336247	   0.31502	  0.248972	  0.197757	  0.153943	    0.1095	 0.0688031
    24	     0	 0.0101174	 0.0674629	  0.154476	  0.200907	  0.197434	    0.1679	  0.134442	  0.101614	 0.0695556	 0.0596032	  0.227607	  0.324218	  0.305744	  0.245337	  0.196646	  0.152891	  0.108042	 0.0672172
    25	     0	  0.011399	 0.0720179	  0.160017	  0.203235	  0.197799	  0.168551	  0.136431	  0.105319	 0.0744554	 0.0664715	  0.241312	  0.333068	  0.308098	  0.246216	  0.199468	  0.158073	  0.114917	 0.0741709
    26	     0	 0.0110726	 0.0725947	  0.162653	  0.209268	  0.204751	  0.173876	  0.139405	  0.105838	  0.072941	 0.0644727	  0.241365	  0.340017	  0.319594	  0.254053	  0.202305	  0.157052	  0.111181	 0.0694249
    27	     0	 0.0103874	 0.0708456	  0.159678	  0.205245	  0.200873	  0.171104	   0.13772	  0.104927	 0.0725199	 0.0637885	  0.240062	  0.335773	  0.313932	  0.250933	  0.201024	  0.156508	  0.111139	 0.0696407
    28	     0	 0.0102763	 0.0672648	  0.156371	  0.203684	  0.200457	  0.171372	  0.138619	  0.106709	 0.0751098	 0.0588298	  0.223511	  0.320065	  0.302547	  0.244569	   0.19842	   0.15682	  0.113371	 0.0726778
    29	     0	  0.011447	 0.0711539	  0.158263	  0.202289	  0.197789	  0.168776	  0.136517	  0.105005	 0.0736895	 0.0640037	  0.234565	   0.32731	  0.306306	  0.245237	  0.197728	  0.156011	  0.112791	 0.0722587
    30	     0	 0.0103782	 0.0697683	  0.157909	  0.203831	  0.200153	  0.170975	  0.138117	  0.106024	 0.0742499	 0.0610742	  0.229774	  0.323677	  0.304935	  0.246509	    0.1997	  0.157343	  0.113287	 0.0721845
    31	     0	 0.0109911	 0.0728937	  0.160961	  0.204768	  0.198833	  0.168167	  0.134552	  0.102013	 0.0702351	 0.0644503	  0.237866	   0.33053	  0.307428	  0.243302	  0.193798	  0.150778	  0.107048	 0.0670667
    32	     0	 0.0110763	 0.0704416	  0.159571	  0.206567	  0.202065	  0.170542	  0.135235	  0.101218	 0.0686418	 0.0611232	  0.229908	  0.328048	  0.309243	  0.245495	  0.194685	   0.15013	  0.105009	 0.0645198
    33	     0	 0.0102095	 0.0696003	  0.156295	   0.20085	  0.196537	  0.167194	  0.134102	  0.101366	 0.0691291	 0.0646258	  0.241912	  0.334914	  0.312282	  0.249446	  0.198895	  0.153683	  0.107995	 0.0666216
    34	     0	 0.0106542	  0.071354	  0.158808	  0.203582	   0.19922	  0.169697	  0.136449	  0.103755	 0.0715371	 0.0630374	  0.234824	  0.327494	   0.30599	  0.244019	  0.195254	  0.152036	  0.107823	 0.0673293
    35	     0	 0.0107869	 0.0716684	  0.159785	   0.20375	  0.197547	    0.1664	  0.132277	 0.0993958	 0.0676736	  0.063753	  0.236507	  0.329011	  0.304631	  0.240146	  0.190242	  0.146808	  0.103051	 0.0636573
    36	     0	 0.0105204	 0.0709968	  0.158889	  0.203577	  0.198724	  0.168718	   0.13542	  0.103052	 0.0713013	 0.0636179	  0.238624	  0.333684	  0.311744	  0.248836	  0.199389	   0.15564	  0.110883	 0.0697725
    37	     0	 0.0105678	 0.0707842	   0.15817	  0.203223	  0.199296	  0.169972	  0.136778	  0.104243	 0.0722245	  0.063298	  0.236166	  0.330118	  0.308936	  0.247781	  0.199509	  0.156076	  0.111246	  0.069899
    38	     0	 0.0107501	 0.0714543	  0.159459	  0.203483	  0.197408	  0.166368	  0.132311	 0.0994624	  0.067743	 0.0635136	  0.235935	  0.328547	   0.30433	  0.239896	  0.190016	  0.146606	  0.102888	 0.0635449
    39	     0	  0.011163	  0.074628	  0.166902	  0.213805	  0.208954	  0.177862	  0.143387	  0.109886	 0.0767694	 0.0653136	  0.244026	  0.342636	  0.320317	  0.253887	  0.202694	  0.158376	  0.113279	 0.0717967
    40	     0	 0.0106747	 0.0708653	  0.159581	  0.205604	  0.201476	  0.171404	  0.137551	  0.104408	 0.0718426	  0.062673	  0.235486	  0.330909	  0.310684	  0.248115	   0.19808	  0.153692	  0.108643	  0.067667
    41	     0	 0.0106059	 0.0687293	  0.156422	  0.200729	  0.195643	  0.166232	  0.134041	  0.102887	  0.072149	 0.0626551	   0.23453	  0.331445	  0.310113	  0.247395	  0.199285	  0.157441	  0.114059	 0.0733606
    42	     0	 0.0110691	 0.0728818	   0.16323	  0.209741	  0.204942	  0.173873	  0.139329	  0.105751	 0.0728705	 0.0646717	  0.242104	  0.340544	  0.319598	  0.253686	  0.201762	  0.156507	  0.110733	 0.0691209
    43	     0	 0.0104615	 0.0710202	  0.158722	  0.203026	  0.198102	  0.168412	  0.135346	  0.102971	  0.071072	 0.0639617	  0.238326	  0.330247	  0.306882	  0.244712	  0.195897	  0.152523	  0.108365	 0.0679579
    44	     0	0.00998777	  0.068419	  0.155236	  0.201514	   0.19828	  0.169118	   0.13608	  0.103579	 0.0714649	 0.0588773	   0.22721	  0.323601	  0.307548	  0.249037	  0.200582	  0.156326	  0.110821	 0.0691571
    45	     0	 0.0104428	 0.0692972	  0.159298	   0.20404	  0.197639	  0.167137	  0.134721	   0.10376	 0.0731792	 0.0614131	  0.234298	  0.334386	  0.311451	  0.246913	   0.19862	   0.15692	  0.113882	 0.0735883
    46	     0	 0.0103743	 0.0697452	  0.158017	  0.204245	  0.200725	  0.171513	  0.138555	  0.106345	 0.0744424	 0.0610909	  0.229853	  0.323887	  0.305191	  0.246603	  0.199548	  0.156998	  0.112862	 0.0718003
    47	     0	 0.0109114	 0.0707545	  0.159904	  0.203479	   0.19682	   0.16643	  0.134211	  0.103533	 0.0732717	 0.0628838	  0.234545	  0.330176	  0.307061	   0.24371	  0.196128	   0.15545	  0.113417	 0.0737989
    48	     0	 0.0106143	 0.0707884	  0.159257	  0.206662	  0.203468	  0.173185	  0.138481	  0.104399	 0.0711518	 0.0612472	  0.232822	   0.32977	  0.312553	  0.251264	  0.200601	  0.154823	  0.108388	 0.0665256
    49	     0	 0.0111695	 0.0710567	  0.159203	  0.203263	  0.198038	  0.168477	  0.136169	  0.104915	  0.073973	 0.0651554	  0.239448	   0.33504	  0.313175	  0.249516	  0.200869	  0.159089	  0.115835	 0.0750448
    50	     0	 0.0111194	 0.0741632	   0.16484	  0.211357	  0.206428	  0.175256	  0.140524	  0.106621	 0.0733116	 0.0651269	  0.241168	  0.335582	  0.315283	  0.250779	  0.199206	  0.154226	  0.108889	  0.067638
    51	     0	 0.0106039	  0.070551	  0.156958	  0.201469	  0.197072	  0.167371	  0.133867	  0.100979	 0.0688939	 0.0627659	  0.234121	  0.327113	  0.305741	  0.243227	  0.193816	  0.150115	  0.105613	  0.065253
    52	     0	0.00999344	 0.0684411	  0.155259	  0.201532	  0.198294	  0.169128	  0.136088	  0.103585	 0.0714687	 0.0589089	  0.227254	  0.323621	  0.307561	  0.249048	  0.200589	  0.156332	  0.110825	 0.0691594
    53	     0	 0.0109625	  0.069922	  0.158832	  0.205289	  0.201591	  0.172037	  0.138706	  0.106147	  0.073998	 0.0614817	  0.230475	  0.325772	  0.306382	  0.247242	  0.199825	  0.156682	  0.112042	 0.0707924
    54	     0	 0.0103066	 0.0709379	  0.159286	  0.204346	  0.199379	  0.169197	  0.135458	  0.102201	 0.0695754	 0.0626918	  0.237537	  0.333097	  0.310257	   0.24597	  0.195552	  0.150828	  0.105663	 0.0650781
    55	     0	 0.0103653	 0.0688088	  0.157734	  0.204019	  0.199702	  0.169874	  0.136892	  0.104958	 0.0735193	 0.0603631	  0.228879	  0.325641	  0.305912	  0.245143	  0.197835	  0.156086	  0.112736	 0.0722568
    56	     0	 0.0107653	 0.0709241	   0.15865	   0.20359	  0.198578	    0.1682	  0.134618	   0.10222	 0.0706942	 0.0626669	  0.233054	  0.326744	  0.306093	  0.244314	  0.195893	  0.153389	  0.109693	 0.0693498
    57	     0	 0.0106444	  0.071793	  0.162249	  0.208701	  0.204458	   0.17426	  0.140218	  0.106879	 0.0740107	 0.0634812	  0.238367	  0.335071	  0.313671	  0.250591	   0.20087	  0.156453	  0.110981	 0.0693798
    58	     0	 0.0109169	  0.070775	  0.159924	  0.203494	  0.196832	  0.166439	  0.134218	  0.103538	 0.0732749	 0.0629132	  0.234584	  0.330193	  0.307072	  0.243719	  0.196135	  0.155455	   0.11342	  0.073801
    59	     0	 0.0106984	 0.0721756	  0.162888	  0.209268	  0.204838	  0.174474	  0.140335	  0.106931	 0.0740155	 0.0638931	  0.239506	  0.335834	   0.31356	  0.249744	  0.199685	  0.155312	  0.110104	 0.0688365
    60	     0	 0.0107002	 0.0703231	  0.157658	  0.203247	   0.19907	  0.168991	   0.13497	    0.1017	 0.0693471	 0.0616648	  0.230885	  0.324019	  0.303486	  0.242514	  0.193687	  0.149829	  0.105183	 0.0648484
    61	     0	 0.0103839	 0.0697818	  0.158054	  0.204275	  0.200748	  0.171531	  0.138568	  0.106354	 0.0744486	  0.061143	  0.229924	  0.323919	  0.305213	   0.24662	  0.199561	  0.157007	  0.112868	 0.0718041
    62	     0	 0.0104641	 0.0693671	    0.1593	   0.20406	  0.197766	  0.167317	  0.134894	  0.103897	 0.0732688	 0.0615838	  0.234793	  0.334899	  0.311846	  0.247155	  0.198759	  0.157006	  0.113952	  0.073651
    63	     0	 0.0112228	 0.0708768	  0.159543	  0.204031	  0.198387	  0.167946	  0.134605	  0.102383	 0.0708615	 0.0642951	  0.236863	  0.330747	  0.307889	  0.245002	   0.19621	  0.153358	  0.109458	 0.0690165
    64	     0	 0.0108912	 0.0722264	  0.160701	   0.20617	    0.2017	  0.171461	  0.137698	  0.104921	 0.0727826	  0.062407	  0.233781	  0.329456	  0.310413	  0.248316	  0.199187	   0.15586	  0.111237	 0.0700339
    65	     0	 0.0104301	 0.0685842	  0.158474	  0.205476	  0.201612	  0.172203	   0.13968	  0.108242	  0.076951	 0.0591802	  0.223508	  0.318535	   0.30047	  0.242599	   0.19693	  0.156341	  0.114012	 0.0741011
    66	     0	  0.010382	 0.0704671	  0.157329	  0.202519	  0.198997	  0.170137	  0.137101	  0.104215	 0.0716247	  0.063114	  0.236239	   0.32919	  0.308826	  0.248337	  0.199602	   0.15536	  0.109925	 0.0682835
    67	     0	0.00977577	 0.0676248	  0.154414	  0.200068	  0.196804	  0.168263	  0.135974	  0.104072	 0.0723302	 0.0603106	  0.231085	   0.32717	   0.30947	  0.251171	  0.203799	  0.160469	  0.115259	 0.0730379
    68	     0	 0.0111417	 0.0705695	  0.159026	  0.204921	   0.20156	  0.172806	  0.140289	  0.108314	 0.0763785	 0.0629175	  0.234254	  0.330894	  0.311515	  0.250967	  0.203565	  0.161144	  0.116797	 0.0750875
    69	     0	 0.0106483	 0.0705259	  0.159633	  0.206515	   0.20201	  0.170511	  0.135209	  0.101176	 0.0685837	 0.0608049	   0.23048	  0.328474	  0.309053	  0.244725	  0.193694	  0.149256	   0.10442	 0.0642209
    70	     0	 0.0102633	 0.0690878	  0.157167	  0.204221	  0.201097	  0.171416	  0.137755	  0.104882	 0.0726073	 0.0599267	  0.229619	  0.327901	  0.311278	  0.251224	  0.202482	  0.158488	  0.112981	 0.0710251
    71	     0	 0.0111247	 0.0742226	  0.164957	  0.211448	  0.206454	  0.175223	  0.140453	   0.10653	 0.0732227	 0.0651926	  0.241394	  0.335697	  0.315122	  0.250419	  0.198819	  0.153937	  0.108734	 0.0675906
    72	     0	 0.0113045	 0.0740842	  0.162488	  0.206379	  0.200274	  0.169133	  0.135089	  0.102188	 0.0701347	 0.0664845	  0.243666	  0.336907	  0.313549	  0.246636	  0.194969	   0.15106	  0.106909	 0.0666985
    73	     0	 0.0104625	 0.0710239	  0.158726	  0.203029	  0.198105	  0.168414	  0.135348	  0.102972	 0.0710726	 0.0639672	  0.238333	   0.33025	  0.306884	  0.244714	  0.195898	  0.152524	  0.108366	 0.0679583
    74	     0	 0.0107633	 0.0722302	  0.161153	  0.206322	  0.201387	  0.171024	  0.137191	  0.104221	 0.0718799	 0.0649652	   0.24122	  0.335394	  0.313157	  0.249404	  0.199284	   0.15511	  0.110191	  0.069038
    75	     0	0.00999103	 0.0694715	  0.159553	  0.207255	  0.203279	  0.172373	  0.137368	  0.103151	 0.0699693	 0.0602653	  0.231223	  0.327874	  0.307613	  0.245427	  0.194911	  0.149488	  0.103878	 0.0633762
    76	     0	 0.0103679	 0.0693961	  0.159603	  0.204234	  0.197574	  0.166926	  0.134484	  0.103561	 0.0730444	 0.0613116	  0.234242	   0.33417	  0.311165	  0.246721	  0.198519	  0.156871	  0.113845	 0.0735499
    77	     0	 0.0103145	 0.0702457	  0.158525	  0.203972	  0.199499	  0.169585	  0.135943	  0.102712	 0.0700617	 0.0634447	  0.239593	  0.336503	  0.315371	  0.251098	  0.200299	  0.155308	  0.109424	 0.0676781
    78	     0	0.00987017	 0.0692603	  0.157294	  0.202742	  0.198335	  0.168867	  0.135838	  0.103096	  0.070646	 0.0624378	  0.237344	    0.3306	  0.308044	  0.245989	  0.196232	  0.151655	  0.106818	 0.0663337
    79	     0	 0.0112201	 0.0737216	  0.161929	  0.205811	  0.200311	  0.169953	   0.13645	   0.10399	 0.0721296	 0.0655368	  0.240934	  0.333611	  0.310555	  0.246489	   0.19678	   0.15343	  0.109349	  0.068865
    80	     0	 0.0102572	 0.0707242	  0.160203	  0.206673	  0.202907	  0.173438	  0.139863	  0.106503	 0.0734054	 0.0618974	  0.233912	  0.327217	  0.304163	  0.243112	  0.194694	  0.150738	  0.106127	 0.0658883
    81	     0	 0.0106507	 0.0708539	  0.158205	   0.20389	  0.200207	  0.170755	  0.137335	  0.104415	 0.0719807	 0.0633423	  0.236527	  0.331344	  0.311573	  0.249292	  0.199701	  0.155645	  0.110483	 0.0690296
    82	     0	 0.0106448	 0.0707963	   0.15969	  0.206169	  0.202251	  0.172149	  0.138295	  0.105265	 0.0728529	 0.0627399	  0.235672	  0.332948	  0.314525	  0.252355	  0.202651	  0.158561	  0.113102	 0.0711458
    83	     0	 0.0110802	 0.0736601	  0.165895	  0.213805	  0.209636	  0.178505	  0.143844	  0.110532	 0.0778028	 0.0630655	  0.236942	  0.336229	  0.318321	  0.255651	  0.206046	  0.162353	  0.117166	 0.0749799
    84	     0	0.00984674	 0.0675456	  0.155194	  0.201352	  0.198149	  0.169606	  0.137105	  0.104807	 0.0726251	 0.0608409	  0.230442	  0.323108	  0.303032	  0.244509	  0.197145	  0.154099	  0.109887	  0.069178
    85	     0	0.00999054	 0.0684298	  0.155247	  0.201523	  0.198287	  0.169123	  0.136084	  0.103582	 0.0714667	 0.0588927	  0.227231	  0.323611	  0.307554	  0.249042	  0.200585	  0.156329	  0.110823	 0.0691582
    86	     0	 0.0102201	 0.0689144	  0.156957	  0.202375	  0.198354	  0.169201	    0.1365	  0.104457	 0.0727328	  0.061368	  0.231159	  0.324866	  0.304708	  0.245466	  0.198406	  0.155955	  0.111912	 0.0709384
    87	     0	  0.010308	 0.0688756	  0.156859	  0.202238	  0.198218	  0.169107	  0.136458	  0.104461	 0.0727652	 0.0614393	  0.230962	  0.324612	  0.304493	  0.245284	  0.198252	  0.155828	  0.111812	  0.070869
    88	     0	  0.010135	 0.0705847	  0.159574	  0.205332	  0.201768	  0.173251	  0.141131	  0.109372	 0.0773519	  0.062803	  0.237165	  0.331734	  0.310973	  0.251353	  0.204299	   0.16169	  0.117347	 0.0756205
    89	     0	 0.0109866	 0.0710405	  0.158094	  0.202091	  0.197615	  0.168641	  0.136412	  0.104923	   0.07363	 0.0634386	  0.234285	  0.327013	  0.306048	  0.245012	  0.197538	   0.15586	   0.11268	  0.072186
    90	     0	 0.0107078	  0.071241	  0.159431	  0.203862	  0.197908	  0.166761	  0.132555	 0.0995824	 0.0677773	 0.0632326	  0.235082	  0.327833	  0.304093	  0.240053	  0.190382	   0.14702	  0.103249	 0.0637925
    91	     0	 0.0107433	 0.0708822	   0.15793	   0.20291	  0.198788	  0.169166	   0.13575	   0.10308	 0.0710819	 0.0626395	  0.233547	  0.327829	   0.30702	  0.244588	  0.195739	  0.152598	  0.108379	 0.0678445
    92	     0	 0.0103996	 0.0704737	  0.158602	  0.203993	  0.199301	  0.169024	  0.134856	  0.101447	 0.0690446	 0.0605827	  0.228527	  0.322153	  0.301203	  0.240591	  0.192355	   0.14865	  0.104057	 0.0639398
    93	     0	 0.0102033	 0.0695766	  0.156272	  0.200831	  0.196523	  0.167183	  0.134093	   0.10136	  0.069125	 0.0645899	  0.241864	  0.334893	  0.312269	  0.249435	  0.198886	  0.153677	  0.107991	 0.0666192
    94	     0	 0.0107591	  0.071504	  0.159645	  0.203862	  0.197835	  0.166704	  0.132525	 0.0995707	  0.067776	 0.0635717	  0.236018	  0.328648	   0.30455	  0.240249	  0.190435	  0.147015	  0.103233	 0.0637868
    95	     0	  0.011413	 0.0753096	  0.166158	  0.210521	  0.203679	  0.171665	  0.137013	  0.103669	 0.0712113	 0.0681183	  0.249426	  0.345277	  0.321831	  0.253606	  0.200989	   0.15629	   0.11104	 0.0694776
    96	     0	 0.0103748	 0.0697473	  0.158019	  0.204247	  0.200726	  0.171514	  0.138556	  0.106345	 0.0744427	 0.0610939	  0.229857	  0.323889	  0.305193	  0.246604	  0.199549	  0.156998	  0.112862	 0.0718005
    97	     0	 0.0105298	 0.0716944	  0.162788	  0.210234	  0.206493	  0.176626	  0.142961	  0.109647	 0.0763117	 0.0630534	  0.239171	  0.336841	  0.316602	  0.253674	  0.203402	  0.158507	  0.112784	 0.0709101
    98	     0	 0.0106039	 0.0705155	  0.158985	   0.20445	  0.200014	  0.169917	  0.135963	  0.102861	 0.0706091	 0.0626722	  0.233595	  0.326368	  0.305052	  0.244948	  0.196826	  0.153081	  0.108132	 0.0671125
    99	     0	 0.0105817	 0.0685303	  0.155699	  0.201114	  0.197179	   0.16798	  0.135373	  0.103606	 0.0722806	 0.0605864	   0.22773	   0.32267	  0.303509	  0.243786	  0.196716	  0.154866	  0.111427	 0.0709854
