     0	     0	  0.011628	 0.0875171	  0.156682	  0.177416	  0.167563	  0.146498	  0.117131	 0.0827471	 0.0761551	  0.256671	  0.263587	  0.205034	  0.167128	  0.133694	 0.0959726	 0.0601718
     1	     0	 0.0118154	  0.088236	  0.158686	  0.181504	  0.172657	  0.151379	  0.121626	 0.0867417	 0.0736202	  0.250894	  0.259154	  0.203228	  0.166506	   0.13357	 0.0960961	 0.0605586
     2	     0	 0.0112752	 0.0857824	  0.155223	  0.176721	  0.166737	  0.145461	  0.116393	 0.0825878	  0.071188	  0.247302	  0.258571	  0.203828	  0.167615	  0.134825	 0.0972491	 0.0613141
     3	     0	 0.0118344	 0.0881362	  0.156878	  0.177381	  0.167499	  0.146652	  0.117828	  0.083953	 0.0767995	  0.256405	   0.26158	  0.203482	  0.166397	  0.133815	 0.0968283	 0.0614084
     4	     0	 0.0112074	 0.0862132	  0.156043	  0.177755	  0.168377	   0.14749	  0.118166	  0.083648	 0.0752123	  0.256084	  0.262765	  0.204661	   0.16666	  0.132866	 0.0952422	  0.059843
     5	     0	 0.0117414	 0.0873678	  0.156013	  0.177335	  0.167982	  0.146954	  0.117794	 0.0837164	 0.0750182	  0.250973	  0.257106	  0.201723	  0.166035	  0.133832	 0.0967143	 0.0610359
     6	     0	 0.0114742	 0.0875063	  0.159655	  0.183118	  0.173951	  0.152859	  0.123703	 0.0892443	 0.0713832	  0.248488	  0.261632	  0.207477	   0.17131	  0.139327	  0.102144	  0.065853
     7	     0	  0.012543	 0.0907649	  0.159959	  0.180839	  0.171668	  0.151135	  0.122254	 0.0879337	 0.0763633	  0.251692	  0.255869	  0.198321	  0.162225	   0.13115	 0.0954879	 0.0610615
     8	     0	 0.0126139	  0.091966	  0.161908	  0.181337	  0.170022	  0.148269	  0.118791	 0.0844359	 0.0786411	   0.26112	  0.266956	  0.205653	  0.166715	  0.133749	 0.0965495	 0.0610204
     9	     0	 0.0117033	  0.086814	  0.155938	   0.17778	  0.168329	  0.146872	  0.117291	 0.0830317	 0.0727688	  0.248439	  0.257706	  0.202109	  0.165798	  0.133078	 0.0956275	 0.0599863
    10	     0	  0.012327	 0.0895093	  0.157425	  0.176486	  0.165688	    0.1444	  0.115385	  0.081708	 0.0773303	  0.255445	  0.258913	  0.199018	  0.161525	  0.129492	 0.0932791	 0.0588076
    11	     0	 0.0120445	 0.0884609	  0.156806	  0.176729	  0.166115	  0.144434	  0.114816	 0.0806848	 0.0764357	  0.256011	   0.26339	  0.204414	  0.166138	  0.132945	 0.0952298	 0.0593684
    12	     0	 0.0122339	 0.0906129	  0.162238	  0.184531	  0.175065	  0.154191	  0.124951	 0.0900641	 0.0777939	  0.259911	  0.269964	  0.211613	  0.173287	  0.140819	  0.103249	 0.0664221
    13	     0	 0.0118281	 0.0886457	   0.15778	   0.17794	  0.167608	  0.146439	  0.117302	 0.0832106	 0.0768333	  0.257508	  0.263095	  0.204646	  0.167267	  0.134464	 0.0971475	 0.0614293
    14	     0	 0.0114972	 0.0874771	  0.157286	  0.179378	  0.170712	  0.150644	  0.122199	 0.0880815	 0.0752787	  0.254757	  0.262951	  0.208449	  0.173209	   0.14123	  0.103747	 0.0669003
    15	     0	 0.0121422	 0.0910781	  0.162544	  0.183684	  0.173539	  0.152383	  0.122939	 0.0879587	 0.0797559	   0.26493	  0.270458	  0.209458	  0.170376	  0.136886	  0.099355	 0.0633918
    16	     0	 0.0122961	  0.092649	  0.167258	  0.190504	  0.179867	  0.157054	  0.126166	 0.0901422	 0.0754384	  0.259786	  0.271109	  0.211942	  0.172359	   0.13764	 0.0988505	 0.0622798
    17	     0	 0.0122064	 0.0909276	  0.162312	  0.183069	  0.171993	  0.150072	  0.120282	 0.0854864	 0.0780514	  0.263178	  0.272283	   0.21199	  0.172749	  0.138734	  0.100202	 0.0632792
    18	     0	 0.0125108	 0.0911401	  0.159628	  0.178131	  0.167297	  0.147117	    0.1196	 0.0867921	  0.078617	   0.25942	  0.263308	  0.203472	  0.167099	   0.13692	  0.101749	 0.0668026
    19	     0	 0.0118516	 0.0879939	  0.157389	  0.178866	  0.169433	  0.148492	  0.119472	 0.0854112	 0.0744301	   0.25127	  0.259811	  0.203885	  0.167788	  0.136004	 0.0990518	 0.0631443
    20	     0	 0.0125389	 0.0920267	  0.161243	  0.179887	  0.169111	  0.148705	  0.120752	 0.0874296	 0.0798568	  0.265042	  0.268299	  0.206969	  0.169882	  0.138498	  0.102177	 0.0665338
    21	     0	 0.0120643	 0.0895368	  0.160495	  0.182847	  0.173418	  0.152266	  0.122964	 0.0883558	  0.075931	  0.256541	   0.26604	  0.208829	  0.171467	  0.138826	   0.10137	  0.065021
    22	     0	 0.0117068	 0.0876745	  0.157344	  0.179456	  0.170456	   0.14969	  0.120792	 0.0866878	  0.073811	  0.250129	  0.257829	  0.203526	  0.168523	  0.136699	 0.0996749	 0.0637218
    23	     0	 0.0129568	 0.0932648	  0.163757	  0.183169	  0.171651	  0.149904	  0.120545	 0.0862015	 0.0798002	  0.264223	  0.270862	   0.20816	  0.168485	  0.135598	 0.0984933	  0.062828
    24	     0	 0.0114178	 0.0851693	  0.152942	  0.174221	  0.165453	  0.145145	  0.116431	 0.0826923	 0.0727241	  0.247738	  0.255506	  0.199811	  0.164081	  0.132308	 0.0956927	 0.0605712
    25	     0	 0.0125974	 0.0908104	  0.158694	  0.177806	  0.167562	   0.14723	  0.119363	 0.0862872	 0.0809966	  0.262553	  0.264873	  0.205808	  0.170016	  0.139024	  0.102716	 0.0667283
    26	     0	 0.0124784	 0.0920265	  0.163659	  0.184862	  0.174265	  0.152426	  0.122535	 0.0874822	 0.0790295	  0.265291	  0.273103	  0.211934	  0.172453	  0.138455	  0.100087	 0.0634493
    27	     0	 0.0118475	 0.0889933	  0.159011	  0.180286	  0.170576	  0.149513	   0.12024	 0.0857386	 0.0776793	  0.260809	  0.267348	  0.208863	  0.171127	  0.137677	 0.0996411	 0.0631987
    28	     0	 0.0115282	 0.0869209	  0.156956	  0.180047	  0.172257	  0.152503	  0.124167	 0.0900351	 0.0733209	  0.248257	  0.257048	  0.203483	  0.168973	  0.138206	  0.101973	 0.0662065
    29	     0	 0.0122128	 0.0893439	  0.157671	  0.177332	  0.167095	  0.146667	  0.118593	 0.0853329	 0.0769896	  0.255185	  0.261246	  0.203756	  0.167628	  0.136614	  0.100502	 0.0649221
    30	     0	 0.0117023	 0.0874195	  0.156894	  0.178951	  0.170062	  0.149606	  0.121059	 0.0872016	 0.0738444	  0.249581	  0.257986	  0.203683	  0.168546	  0.137092	   0.10044	 0.0646033
    31	     0	 0.0126335	 0.0911925	  0.159692	  0.178453	  0.167249	  0.145913	  0.117013	 0.0833032	  0.078356	  0.258104	  0.262223	  0.201704	  0.163912	  0.131899	 0.0956054	 0.0607601
    32	     0	 0.0122956	 0.0895995	  0.159512	  0.181001	  0.171326	  0.149834	  0.120012	 0.0852573	 0.0749995	  0.252992	  0.261011	   0.20261	  0.164854	  0.132302	 0.0952804	 0.0600608
    33	     0	 0.0114063	 0.0863947	   0.15467	  0.174502	    0.1639	  0.142737	  0.113768	 0.0800962	 0.0773627	  0.259969	   0.26629	  0.207028	   0.16848	   0.13452	 0.0963425	 0.0601698
    34	     0	 0.0122041	 0.0891709	  0.157447	  0.177181	  0.166928	  0.145971	    0.1171	 0.0832957	  0.076396	   0.25387	  0.259128	  0.200774	  0.163918	  0.131855	 0.0952868	 0.0602191
    35	     0	 0.0123527	 0.0896219	  0.157436	   0.17636	  0.165529	   0.14426	  0.115278	 0.0816376	 0.0774711	  0.255715	  0.259011	  0.198989	  0.161448	  0.129408	 0.0932093	 0.0587622
    36	     0	 0.0120218	 0.0887931	  0.157547	  0.177683	   0.16732	  0.146244	  0.117473	  0.083824	 0.0772904	  0.258681	  0.264919	   0.20633	  0.169069	  0.136533	 0.0992367	 0.0632323
    37	     0	 0.0121053	 0.0886434	  0.157089	  0.177725	  0.168023	  0.147143	  0.118306	 0.0844832	 0.0769587	  0.256038	   0.26187	   0.20451	  0.168208	  0.136007	 0.0988196	 0.0628374
    38	     0	 0.0123331	 0.0895055	  0.157302	  0.176283	  0.165506	  0.144266	  0.115297	  0.081658	 0.0773588	  0.255469	  0.258848	  0.198878	  0.161359	  0.129336	 0.0931549	 0.0587257
    39	     0	 0.0129704	 0.0950463	  0.168224	  0.190249	  0.180238	  0.158699	  0.128805	 0.0931269	 0.0810063	  0.269135	  0.275448	  0.213702	  0.174199	  0.140368	  0.102162	 0.0654748
    40	     0	 0.0118178	 0.0889587	  0.159649	  0.181432	   0.17157	  0.150172	  0.120632	 0.0859493	 0.0758019	  0.256666	  0.265022	  0.207312	  0.169379	  0.135982	 0.0981537	 0.0620397
    41	     0	 0.0120887	 0.0886535	   0.15639	  0.175941	  0.166307	  0.146502	  0.118776	 0.0856651	 0.0784131	  0.259449	  0.264703	  0.205782	   0.16932	  0.138419	  0.102301	 0.0665657
    42	     0	 0.0125175	 0.0923063	  0.163998	  0.185036	  0.174302	  0.152411	  0.122506	 0.0874561	 0.0792412	  0.265686	  0.273202	  0.211786	  0.172189	  0.138175	 0.0998528	 0.0632902
    43	     0	 0.0118344	 0.0881362	  0.156878	  0.177381	  0.167499	  0.146652	  0.117828	  0.083953	 0.0767996	  0.256405	  0.261581	  0.203482	  0.166397	  0.133815	 0.0968283	 0.0614084
    44	     0	 0.0112751	 0.0857821	  0.155223	  0.176721	  0.166737	  0.145461	  0.116393	 0.0825877	 0.0711876	  0.247302	  0.258571	  0.203828	  0.167615	  0.134825	  0.097249	  0.061314
    45	     0	 0.0125038	 0.0918681	   0.16108	  0.179778	  0.169061	  0.148696	  0.120769	  0.087461	 0.0796184	  0.264469	  0.267896	  0.206761	  0.169833	  0.138569	  0.102312	 0.0666722
    46	     0	 0.0116926	 0.0874098	  0.157073	  0.179275	  0.170365	   0.14984	   0.12122	 0.0872917	 0.0738165	  0.249599	  0.258085	  0.203748	  0.168501	  0.136943	  0.100235	 0.0644067
    47	     0	 0.0125108	 0.0911399	  0.159628	  0.178131	  0.167297	  0.147117	    0.1196	 0.0867921	 0.0786166	   0.25942	  0.263308	  0.203471	  0.167099	   0.13692	  0.101749	 0.0668026
    48	     0	  0.011805	 0.0882798	  0.159062	  0.180951	  0.170481	  0.148196	  0.118006	  0.083255	 0.0734805	  0.252423	  0.262938	  0.205644	  0.167634	  0.133658	 0.0954195	 0.0594029
    49	     0	 0.0124648	 0.0903909	  0.158928	  0.178625	  0.168762	  0.148815	  0.120997	 0.0876534	  0.080077	  0.262836	  0.268309	  0.208353	  0.171053	  0.139995	  0.103843	 0.0679412
    50	     0	 0.0125729	 0.0932098	  0.166031	  0.186703	  0.175045	  0.152732	  0.122579	 0.0872722	  0.078804	    0.2635	  0.272079	  0.210516	  0.170295	  0.136245	   0.09819	 0.0619086
    51	     0	 0.0121075	 0.0878738	  0.154887	  0.174053	  0.163696	  0.142734	  0.113915	 0.0804686	 0.0758382	  0.252163	  0.257192	   0.19849	  0.161552	  0.129559	 0.0931602	 0.0584793
    52	     0	 0.0112753	 0.0857825	  0.155223	  0.176721	  0.166737	  0.145461	  0.116393	 0.0825879	 0.0711882	  0.247303	  0.258571	  0.203829	  0.167615	  0.134826	 0.0972491	 0.0613141
    53	     0	 0.0117069	 0.0876749	  0.157344	  0.179456	  0.170456	   0.14969	  0.120793	  0.086688	 0.0738116	   0.25013	  0.257829	  0.203527	  0.168523	  0.136699	  0.099675	 0.0637219
    54	     0	 0.0120207	 0.0890183	  0.157568	  0.177586	   0.16772	  0.146704	  0.117289	 0.0828489	 0.0767221	   0.25718	  0.261324	  0.201588	  0.163884	    0.1307	 0.0934616	 0.0584727
    55	     0	 0.0119969	  0.088467	  0.157656	  0.178903	  0.170064	  0.150143	  0.121939	 0.0881714	 0.0752748	  0.252839	  0.259584	  0.202826	  0.167347	  0.136631	  0.100683	 0.0653335
    56	     0	 0.0122422	 0.0887527	  0.157041	  0.177116	  0.166981	  0.146103	  0.117508	 0.0840545	 0.0758974	  0.252866	   0.25924	  0.201253	  0.164712	  0.133432	 0.0974205	 0.0624515
    57	     0	 0.0121803	 0.0908627	  0.161968	  0.184146	  0.174924	  0.153784	  0.124131	 0.0889509	 0.0781091	  0.260821	  0.267191	  0.209026	  0.171416	  0.137985	 0.0998546	 0.0633119
    58	     0	 0.0125109	 0.0911403	  0.159628	  0.178131	  0.167298	  0.147117	    0.1196	 0.0867922	 0.0786173	  0.259421	  0.263308	  0.203472	  0.167099	   0.13692	  0.101749	 0.0668026
    59	     0	 0.0122234	 0.0911267	  0.162303	  0.184373	  0.175024	  0.153816	  0.124134	  0.088942	 0.0783769	  0.261304	  0.267244	  0.208671	  0.170846	  0.137404	 0.0993907	 0.0630156
    60	     0	 0.0118574	 0.0871563	   0.15531	  0.176131	  0.166411	   0.14517	  0.115923	  0.082021	 0.0736385	  0.248248	    0.2546	   0.19792	   0.16151	  0.129173	 0.0925512	 0.0579228
    61	     0	 0.0116928	 0.0874106	  0.157073	  0.179275	  0.170366	   0.14984	   0.12122	 0.0872921	 0.0738175	    0.2496	  0.258086	  0.203749	  0.168501	  0.136943	  0.100235	 0.0644069
    62	     0	 0.0125106	 0.0918516	  0.161058	  0.179818	  0.169125	  0.148754	  0.120815	 0.0874915	  0.079694	  0.264661	  0.268055	  0.206869	  0.169896	  0.138604	  0.102335	 0.0666911
    63	     0	 0.0121051	 0.0892733	  0.157909	  0.177624	  0.167294	  0.146568	  0.118027	 0.0843839	 0.0779299	  0.258085	  0.262924	  0.204213	  0.167296	  0.135531	 0.0989436	 0.0633635
    64	     0	 0.0124916	 0.0909131	  0.160641	  0.180799	  0.170079	  0.148663	  0.119579	 0.0855627	 0.0761975	  0.255353	  0.263157	  0.204833	  0.167762	  0.135786	  0.098895	 0.0630893
    65	     0	 0.0115926	 0.0875696	  0.158357	  0.181785	  0.173958	   0.15439	  0.126406	 0.0924148	 0.0727664	  0.246768	  0.255864	  0.202758	  0.168307	  0.138051	   0.10251	 0.0672646
    66	     0	 0.0118331	 0.0876511	  0.155748	  0.175701	  0.165523	  0.144503	   0.11549	 0.0816448	 0.0760038	  0.254217	  0.260377	  0.202809	   0.16604	  0.133292	 0.0959328	 0.0602122
    67	     0	 0.0110912	 0.0848474	  0.152836	  0.173614	   0.16413	  0.143831	  0.115607	 0.0823489	 0.0732475	  0.250473	  0.259356	  0.205076	  0.170018	   0.13826	  0.101015	  0.064558
    68	     0	 0.0121819	 0.0896405	  0.159409	  0.181353	  0.172792	  0.152717	  0.124199	 0.0899352	 0.0770231	  0.257328	  0.264618	   0.20818	  0.172424	  0.140811	  0.103762	 0.0672666
    69	     0	  0.012305	 0.0896569	   0.15952	  0.180968	   0.17127	  0.149771	  0.119953	 0.0852101	 0.0751423	   0.25329	  0.261031	  0.202328	   0.16442	  0.131884	 0.0949777	 0.0598954
    70	     0	 0.0116446	 0.0874376	  0.157525	  0.179596	  0.170107	  0.148972	  0.119812	 0.0856398	  0.073273	  0.251657	  0.262147	  0.206624	  0.170375	  0.137924	  0.100283	 0.0638545
    71	     0	 0.0125844	 0.0932838	  0.166118	  0.186741	  0.175036	  0.152703	  0.122546	 0.0872441	 0.0788786	  0.263625	  0.272061	  0.210368	  0.170103	  0.136083	 0.0980907	 0.0618674
    72	     0	 0.0129467	 0.0933051	  0.163263	   0.18139	  0.168844	  0.146836	  0.117548	 0.0835206	 0.0811207	  0.266237	  0.271544	  0.207395	  0.167041	  0.133997	 0.0969717	 0.0614724
    73	     0	 0.0118344	 0.0881363	  0.156878	  0.177381	  0.167499	  0.146652	  0.117828	  0.083953	 0.0767997	  0.256405	  0.261581	  0.203482	  0.166397	  0.133815	 0.0968283	 0.0614084
    74	     0	 0.0122382	 0.0906924	  0.161215	  0.181892	   0.17127	  0.149671	  0.120202	 0.0856903	 0.0789069	  0.262664	  0.269179	   0.20919	  0.170597	  0.137182	 0.0993727	 0.0630757
    75	     0	 0.0114684	 0.0871837	  0.157922	  0.181229	  0.172696	  0.151399	  0.121276	 0.0859478	 0.0733728	  0.250883	  0.258757	  0.202681	   0.16542	  0.131799	 0.0940508	 0.0587047
    76	     0	 0.0125152	 0.0920132	  0.161233	  0.179788	  0.168987	  0.148609	  0.120696	 0.0874109	 0.0796343	  0.264432	  0.267781	  0.206641	  0.169743	   0.13851	  0.102274	 0.0666471
    77	     0	   0.01193	  0.089058	  0.158046	   0.17797	  0.167947	  0.147108	  0.117833	 0.0833488	 0.0782001	  0.261594	  0.267458	  0.207165	  0.168838	  0.135484	 0.0975476	 0.0613436
    78	     0	  0.011218	 0.0863147	  0.156098	  0.177675	  0.168255	  0.147381	  0.118084	 0.0835979	 0.0752266	  0.256097	  0.262823	  0.204858	  0.166963	   0.13318	 0.0954936	 0.0600021
    79	     0	 0.0126813	 0.0919517	  0.161664	   0.18119	  0.169855	  0.148168	  0.119067	 0.0851221	 0.0791862	  0.261606	  0.267132	  0.206566	  0.168239	  0.135546	 0.0984768	 0.0627549
    80	     0	 0.0117057	 0.0875375	  0.156715	  0.179296	  0.171277	  0.150705	  0.121247	 0.0863781	 0.0743872	  0.249971	  0.253941	  0.198408	  0.162732	  0.129996	 0.0931119	 0.0584602
    81	     0	 0.0121562	 0.0890362	   0.15802	  0.178217	  0.167846	  0.146653	  0.117561	 0.0835743	 0.0770083	  0.257309	  0.264448	  0.205263	  0.167517	  0.134764	 0.0974238	 0.0615807
    82	     0	 0.0120949	 0.0895096	  0.159787	  0.181245	  0.171628	  0.150719	  0.121568	  0.087094	 0.0766853	  0.258098	  0.266911	  0.208805	   0.17123	  0.138597	  0.100961	 0.0644558
    83	     0	 0.0128084	 0.0943034	  0.168311	  0.191222	  0.181157	  0.159353	  0.129548	 0.0941409	  0.078183	  0.262967	   0.27309	  0.214628	   0.17667	  0.143837	  0.105848	 0.0685888
    84	     0	 0.0108608	 0.0840341	  0.152897	  0.175512	  0.167422	   0.14752	  0.118975	 0.0849198	 0.0729616	   0.24821	  0.256163	  0.202511	  0.167175	  0.135137	 0.0982467	  0.062593
    85	     0	 0.0112752	 0.0857823	  0.155223	  0.176721	  0.166737	  0.145461	  0.116393	 0.0825878	 0.0711879	  0.247302	  0.258571	  0.203828	  0.167615	  0.134825	 0.0972491	 0.0613141
    86	     0	 0.0113961	 0.0864334	  0.155185	  0.176568	   0.16746	  0.147201	  0.118805	 0.0850976	 0.0745356	  0.250986	  0.258252	  0.203638	  0.168463	  0.137009	  0.100282	 0.0643265
    87	     0	 0.0113922	 0.0863999	  0.155118	  0.176489	  0.167402	  0.147167	  0.118793	 0.0850995	 0.0744874	  0.250844	  0.258122	  0.203531	  0.168381	  0.136951	  0.100245	 0.0643057
    88	     0	 0.0117144	 0.0885887	  0.158994	   0.18131	   0.17265	  0.152485	  0.123942	 0.0896242	 0.0765948	  0.257617	  0.264889	  0.209231	  0.173543	  0.141369	  0.103966	   0.06727
    89	     0	 0.0121898	 0.0892668	  0.157552	  0.177217	  0.167005	  0.146597	  0.118539	 0.0852937	 0.0769059	  0.255004	  0.261099	  0.203637	  0.167527	  0.136533	  0.100443	 0.0648841
    90	     0	  0.012294	 0.0894106	  0.157425	  0.176551	  0.165758	  0.144459	  0.115431	 0.0817389	  0.077122	  0.255009	  0.258665	  0.198915	  0.161494	  0.129492	 0.0932859	 0.0588091
    91	     0	 0.0123472	 0.0894393	  0.157864	  0.178065	  0.168002	  0.146932	  0.117962	 0.0840956	 0.0767554	  0.255041	  0.260856	  0.202259	   0.16528	   0.13324	 0.0965776	 0.0613041
    92	     0	 0.0121428	 0.0881107	  0.155633	  0.176391	  0.167541	  0.146712	  0.117347	 0.0830753	 0.0737887	  0.246243	  0.250361	  0.194262	  0.158955	  0.127248	 0.0911742	 0.0570997
    93	     0	 0.0114062	 0.0863942	  0.154669	  0.174502	    0.1639	  0.142737	  0.113767	 0.0800959	  0.077362	  0.259968	  0.266289	  0.207028	   0.16848	  0.134519	 0.0963424	 0.0601697
    94	     0	  0.012327	 0.0895093	  0.157425	  0.176486	  0.165688	    0.1444	  0.115385	 0.0817081	 0.0773304	  0.255445	  0.258913	  0.199018	  0.161525	  0.129492	 0.0932791	 0.0588076
    95	     0	 0.0130523	 0.0951174	  0.166085	  0.183967	  0.170969	  0.148775	  0.119253	 0.0847804	 0.0836005	  0.272994	  0.278118	  0.213286	  0.172363	  0.138876	  0.100999	 0.0642842
    96	     0	 0.0116926	 0.0874099	  0.157073	  0.179275	  0.170365	   0.14984	   0.12122	 0.0872918	 0.0738165	  0.249599	  0.258085	  0.203748	  0.168501	  0.136943	  0.100235	 0.0644067
    97	     0	 0.0118076	 0.0904432	  0.163204	  0.186186	  0.176963	  0.155798	  0.125991	 0.0904038	 0.0767563	  0.261303	  0.269756	  0.211738	  0.173463	  0.139259	  0.100641	 0.0638383
    98	     0	 0.0117679	 0.0875052	  0.156127	  0.177368	  0.167969	   0.14693	   0.11777	 0.0837004	 0.0751659	  0.251267	  0.257269	  0.201814	  0.166101	  0.133885	 0.0967561	 0.0610661
    99	     0	 0.0116989	 0.0867635	  0.154912	   0.17591	  0.166831	  0.146762	  0.118659	 0.0853118	 0.0739362	   0.24921	  0.256621	  0.201309	  0.166142	   0.13535	 0.0993502	 0.0640617
