Total deaths in facilities
617	706	1404	1384	1812	1532	1361	1778	1924	1878	1624	1477	598
159	231	351	375	536	441	389	479	508	437	477	444	194
Proportion of deaths with HIV diagnosis
0.4100	0.4263	0.3640	0.3338	0.3422	0.2963	0.2373	0.2188	0.1824	0.1853	0.1810	0.1903	0.1589
0.6289	0.6277	0.6040	0.4427	0.5205	0.4671	0.4165	0.3549	0.3524	0.3387	0.3187	0.2725	0.2268
Proportion of HIV-diagnosed deaths on ART
0.0987	0.1433	0.2298	0.2276	0.2580	0.3399	0.4058	0.4362	0.5984	0.6094	0.7003	0.6496	0.6047
0.1111	0.3077	0.3546	0.3414	0.4735	0.4701	0.5351	0.5614	0.5625	0.6270	0.6567	0.7137	0.7323

