     0	     0	   1.18263
     1	     0	   1.16181
     2	     0	   1.13842
     3	     0	   1.18023
     4	     0	   1.18948
     5	     0	   1.13656
     6	     0	   1.13793
     7	     0	   1.13471
     8	     0	   1.15678
     9	     0	   1.12819
    10	     0	   1.13904
    11	     0	   1.12835
    12	     0	   1.16538
    13	     0	   1.14279
    14	     0	   1.14054
    15	     0	   1.16552
    16	     0	    1.1829
    17	     0	   1.15684
    18	     0	   1.16181
    19	     0	   1.16629
    20	     0	   1.18555
    21	     0	   1.18279
    22	     0	   1.16647
    23	     0	   1.16464
    24	     0	   1.16521
    25	     0	   1.18305
    26	     0	   1.13666
    27	     0	   1.14794
    28	     0	   1.15355
    29	     0	   1.16652
    30	     0	   1.13457
    31	     0	   1.18291
    32	     0	   1.16251
    33	     0	   1.18196
    34	     0	   1.14068
    35	     0	   1.16035
    36	     0	   1.12166
    37	     0	   1.18364
    38	     0	   1.13911
    39	     0	   1.14944
    40	     0	   1.13646
    41	     0	   1.14186
    42	     0	   1.13666
    43	     0	   1.16449
    44	     0	    1.1384
    45	     0	   1.13982
    46	     0	   1.13473
    47	     0	   1.13808
    48	     0	   1.12815
    49	     0	   1.16871
    50	     0	   1.16086
    51	     0	   1.17638
    52	     0	    1.1383
    53	     0	   1.16645
    54	     0	   1.13849
    55	     0	   1.16297
    56	     0	   1.21242
    57	     0	   1.15696
    58	     0	   1.15938
    59	     0	   1.15684
    60	     0	    1.1673
    61	     0	   1.13469
    62	     0	   1.13219
    63	     0	   1.16643
    64	     0	   1.13829
    65	     0	   1.16776
    66	     0	   1.17208
    67	     0	   1.18382
    68	     0	   1.14776
    69	     0	   1.13083
    70	     0	   1.13835
    71	     0	    1.1584
    72	     0	   1.14075
    73	     0	    1.1721
    74	     0	   1.18715
    75	     0	   1.16208
    76	     0	   1.15762
    77	     0	   1.14522
    78	     0	   1.18966
    79	     0	   1.16414
    80	     0	   1.13659
    81	     0	   1.16079
    82	     0	   1.14483
    83	     0	   1.18786
    84	     0	   1.17944
    85	     0	   1.13811
    86	     0	   1.15691
    87	     0	   1.15669
    88	     0	   1.16884
    89	     0	   1.16647
    90	     0	   1.12492
    91	     0	   1.15352
    92	     0	   1.14514
    93	     0	   1.17688
    94	     0	   1.14157
    95	     0	   1.15657
    96	     0	   1.13465
    97	     0	   1.13668
    98	     0	   1.13661
    99	     0	   1.18882
   100	     0	   1.17117
   101	     0	   1.13452
   102	     0	   1.16555
   103	     0	   1.13931
   104	     0	   1.15021
   105	     0	   1.15472
   106	     0	   1.15597
   107	     0	   1.16351
   108	     0	   1.18408
   109	     0	   1.17156
   110	     0	   1.15688
   111	     0	   1.13493
   112	     0	   1.18278
   113	     0	   1.13629
   114	     0	   1.21293
   115	     0	   1.18311
   116	     0	   1.14943
   117	     0	   1.17167
   118	     0	   1.14258
   119	     0	   1.15642
   120	     0	   1.15743
   121	     0	   1.14941
   122	     0	   1.17182
   123	     0	   1.17093
   124	     0	   1.16677
   125	     0	   1.16548
   126	     0	   1.15683
   127	     0	   1.13194
   128	     0	   1.16781
   129	     0	   1.14106
   130	     0	   1.16252
   131	     0	   1.18807
   132	     0	   1.15665
   133	     0	   1.18275
   134	     0	   1.13833
   135	     0	   1.17193
   136	     0	   1.15699
   137	     0	   1.15259
   138	     0	   1.16568
   139	     0	   1.15704
   140	     0	   1.15042
   141	     0	   1.16095
   142	     0	   1.21286
   143	     0	   1.17154
   144	     0	   1.14661
   145	     0	   1.17304
   146	     0	   1.13629
   147	     0	   1.13479
   148	     0	   1.16661
   149	     0	   1.12676
   150	     0	   1.14647
   151	     0	   1.13462
   152	     0	   1.15354
   153	     0	   1.18904
   154	     0	   1.17361
   155	     0	   1.13997
   156	     0	   1.15367
   157	     0	   1.17616
   158	     0	   1.16035
   159	     0	   1.13448
   160	     0	    1.1797
   161	     0	   1.15668
   162	     0	   1.15818
   163	     0	   1.18366
   164	     0	   1.12846
   165	     0	   1.13837
   166	     0	   1.18371
   167	     0	   1.15574
   168	     0	   1.17535
   169	     0	   1.13664
   170	     0	   1.14825
   171	     0	    1.1725
   172	     0	   1.15336
   173	     0	   1.16019
   174	     0	   1.13457
   175	     0	   1.13479
   176	     0	   1.16276
   177	     0	   1.13954
   178	     0	    1.1366
   179	     0	   1.16629
   180	     0	   1.13832
   181	     0	    1.1603
   182	     0	   1.16255
   183	     0	    1.1762
   184	     0	   1.11763
   185	     0	   1.13883
   186	     0	   1.15482
   187	     0	   1.14593
   188	     0	   1.18172
   189	     0	   1.17146
   190	     0	   1.17251
   191	     0	    1.1688
   192	     0	   1.18368
   193	     0	   1.15922
   194	     0	   1.14867
   195	     0	   1.16235
   196	     0	    1.2127
   197	     0	   1.14103
   198	     0	   1.13064
   199	     0	   1.13661
   200	     0	   1.17231
   201	     0	   1.16307
   202	     0	   1.16565
   203	     0	   1.15695
   204	     0	   1.15489
   205	     0	   1.13819
   206	     0	   1.17494
   207	     0	   1.17362
   208	     0	   1.12699
   209	     0	   1.11724
   210	     0	   1.17139
   211	     0	   1.18322
   212	     0	   1.14285
   213	     0	    1.1523
   214	     0	   1.14924
   215	     0	   1.15142
   216	     0	   1.14159
   217	     0	   1.17773
   218	     0	   1.13919
   219	     0	   1.17888
   220	     0	   1.13003
   221	     0	   1.15568
   222	     0	   1.16077
   223	     0	   1.17932
   224	     0	    1.1567
   225	     0	   1.14548
   226	     0	    1.1462
   227	     0	   1.12818
   228	     0	    1.1367
   229	     0	   1.16558
   230	     0	   1.15362
   231	     0	   1.15475
   232	     0	   1.13844
   233	     0	   1.18264
   234	     0	    1.1536
   235	     0	   1.16653
   236	     0	   1.15176
   237	     0	   1.16505
   238	     0	   1.14795
   239	     0	   1.14114
   240	     0	   1.15672
   241	     0	    1.1382
   242	     0	   1.13919
   243	     0	   1.16646
   244	     0	   1.17513
   245	     0	   1.13451
   246	     0	    1.1674
   247	     0	   1.17442
   248	     0	   1.15591
   249	     0	   1.12181
   250	     0	   1.13912
   251	     0	   1.12978
   252	     0	    1.1358
   253	     0	   1.16785
   254	     0	   1.15658
   255	     0	   1.14478
   256	     0	   1.21287
   257	     0	   1.12186
   258	     0	   1.13664
   259	     0	   1.14277
   260	     0	   1.18277
   261	     0	   1.17942
   262	     0	   1.18294
   263	     0	   1.16476
   264	     0	   1.15562
   265	     0	   1.15553
   266	     0	     1.172
   267	     0	   1.21257
   268	     0	   1.17078
   269	     0	   1.14957
   270	     0	   1.12835
   271	     0	   1.16573
   272	     0	   1.16778
   273	     0	   1.16108
   274	     0	   1.17169
   275	     0	   1.13927
   276	     0	   1.14578
   277	     0	   1.15485
   278	     0	   1.12835
   279	     0	   1.14072
   280	     0	   1.12831
   281	     0	   1.17092
   282	     0	   1.13953
   283	     0	   1.16538
   284	     0	   1.21281
   285	     0	   1.16739
   286	     0	   1.14472
   287	     0	   1.15555
   288	     0	   1.15261
   289	     0	    1.1689
   290	     0	   1.15008
   291	     0	   1.18383
   292	     0	   1.18612
   293	     0	   1.16753
   294	     0	   1.12187
   295	     0	   1.14501
   296	     0	   1.15669
   297	     0	   1.19126
   298	     0	   1.15428
   299	     0	   1.18293
   300	     0	   1.13802
   301	     0	   1.16545
   302	     0	   1.18326
   303	     0	   1.15779
   304	     0	   1.16902
   305	     0	   1.16018
   306	     0	   1.18553
   307	     0	   1.13792
   308	     0	   1.16761
   309	     0	   1.17183
   310	     0	   1.18266
   311	     0	   1.19443
   312	     0	   1.16892
   313	     0	   1.18394
   314	     0	   1.13932
   315	     0	   1.17036
   316	     0	   1.15676
   317	     0	   1.12753
   318	     0	   1.12678
   319	     0	   1.13878
   320	     0	   1.14217
   321	     0	   1.14434
   322	     0	   1.17185
   323	     0	    1.1693
   324	     0	   1.14286
   325	     0	   1.16431
   326	     0	   1.13447
   327	     0	   1.15008
   328	     0	   1.18339
   329	     0	   1.13828
   330	     0	   1.13977
   331	     0	   1.13144
   332	     0	   1.17175
   333	     0	   1.13822
   334	     0	   1.16958
   335	     0	   1.16593
   336	     0	   1.15966
   337	     0	   1.14348
   338	     0	   1.13202
   339	     0	   1.15282
   340	     0	   1.15453
   341	     0	   1.16175
   342	     0	   1.14301
   343	     0	   1.17199
   344	     0	    1.1553
   345	     0	   1.12176
   346	     0	   1.16669
   347	     0	   1.15662
   348	     0	   1.13457
   349	     0	   1.17211
   350	     0	   1.13655
   351	     0	   1.15689
   352	     0	   1.15333
   353	     0	   1.13622
   354	     0	   1.18898
   355	     0	   1.13938
   356	     0	   1.17932
   357	     0	   1.16242
   358	     0	   1.16572
   359	     0	   1.15729
   360	     0	   1.17045
   361	     0	   1.16501
   362	     0	   1.13817
   363	     0	   1.16524
   364	     0	   1.15688
   365	     0	    1.1828
   366	     0	   1.16655
   367	     0	   1.09653
   368	     0	   1.16971
   369	     0	   1.14875
   370	     0	   1.14752
   371	     0	   1.16876
   372	     0	   1.13827
   373	     0	   1.14959
   374	     0	   1.14901
   375	     0	   1.14922
   376	     0	    1.1812
   377	     0	   1.18254
   378	     0	   1.14284
   379	     0	    1.1568
   380	     0	   1.13489
   381	     0	   1.12834
   382	     0	   1.17045
   383	     0	   1.16796
   384	     0	   1.14066
   385	     0	    1.1477
   386	     0	   1.14301
   387	     0	   1.17187
   388	     0	   1.14834
   389	     0	   1.13804
   390	     0	   1.19107
   391	     0	   1.16574
   392	     0	   1.17624
   393	     0	   1.16631
   394	     0	   1.12168
   395	     0	   1.13895
   396	     0	   1.14792
   397	     0	   1.17845
   398	     0	   1.15346
   399	     0	   1.15493
   400	     0	   1.13783
   401	     0	   1.15013
   402	     0	   1.14906
   403	     0	   1.16511
   404	     0	   1.14941
   405	     0	   1.16582
   406	     0	   1.15629
   407	     0	   1.15501
   408	     0	   1.17441
   409	     0	   1.13669
   410	     0	   1.15682
   411	     0	   1.17041
   412	     0	   1.16706
   413	     0	    1.1351
   414	     0	   1.16694
   415	     0	   1.17905
   416	     0	   1.18963
   417	     0	   1.17232
   418	     0	   1.18881
   419	     0	   1.12833
   420	     0	   1.16865
   421	     0	   1.16721
   422	     0	   1.16725
   423	     0	   1.10778
   424	     0	   1.17203
   425	     0	   1.16757
   426	     0	   1.14476
   427	     0	   1.14224
   428	     0	   1.16255
   429	     0	    1.1626
   430	     0	   1.15703
   431	     0	   1.14629
   432	     0	   1.13644
   433	     0	   1.17147
   434	     0	   1.17333
   435	     0	   1.16794
   436	     0	   1.13977
   437	     0	   1.12747
   438	     0	   1.18289
   439	     0	   1.14882
   440	     0	   1.15443
   441	     0	   1.15999
   442	     0	   1.15691
   443	     0	   1.16954
   444	     0	   1.16648
   445	     0	   1.13828
   446	     0	    1.1581
   447	     0	   1.17405
   448	     0	   1.15395
   449	     0	   1.13476
   450	     0	   1.18245
   451	     0	   1.16574
   452	     0	   1.16231
   453	     0	   1.16718
   454	     0	   1.17381
   455	     0	   1.16761
   456	     0	   1.16472
   457	     0	   1.16037
   458	     0	   1.16686
   459	     0	   1.15046
   460	     0	   1.17045
   461	     0	    1.1392
   462	     0	   1.14845
   463	     0	   1.13644
   464	     0	   1.13559
   465	     0	   1.17171
   466	     0	   1.15743
   467	     0	   1.16307
   468	     0	    1.1895
   469	     0	   1.13977
   470	     0	   1.21263
   471	     0	   1.15096
   472	     0	   1.16274
   473	     0	    1.1769
   474	     0	   1.14867
   475	     0	   1.12153
   476	     0	   1.17468
   477	     0	     1.139
   478	     0	   1.14014
   479	     0	   1.16685
   480	     0	   1.19753
   481	     0	   1.16642
   482	     0	   1.13931
   483	     0	   1.16643
   484	     0	   1.14592
   485	     0	    1.1219
   486	     0	    1.1483
   487	     0	   1.16568
   488	     0	   1.16726
   489	     0	   1.17522
   490	     0	   1.16391
   491	     0	   1.16011
   492	     0	    1.1367
   493	     0	   1.16242
   494	     0	   1.17194
   495	     0	   1.14835
   496	     0	   1.15685
   497	     0	   1.13825
   498	     0	   1.13833
   499	     0	   1.14025
   500	     0	   1.16705
   501	     0	   1.13823
   502	     0	    1.1283
   503	     0	   1.15665
   504	     0	   1.14856
   505	     0	   1.13933
   506	     0	    1.1508
   507	     0	    1.1164
   508	     0	   1.15214
   509	     0	   1.13672
   510	     0	   1.18312
   511	     0	   1.14007
   512	     0	   1.15686
   513	     0	   1.21274
   514	     0	   1.13901
   515	     0	   1.16786
   516	     0	   1.17976
   517	     0	   1.18297
   518	     0	   1.16923
   519	     0	   1.16704
   520	     0	   1.18281
   521	     0	   1.17033
   522	     0	   1.16792
   523	     0	   1.16575
   524	     0	   1.12173
   525	     0	   1.13465
   526	     0	   1.15518
   527	     0	    1.1341
   528	     0	   1.13639
   529	     0	   1.18319
   530	     0	   1.13649
   531	     0	   1.15326
   532	     0	   1.18018
   533	     0	   1.21254
   534	     0	   1.16004
   535	     0	   1.12839
   536	     0	   1.15687
   537	     0	   1.16399
   538	     0	   1.15628
   539	     0	   1.13654
   540	     0	   1.15003
   541	     0	    1.1398
   542	     0	    1.1666
   543	     0	   1.15965
   544	     0	   1.15662
   545	     0	   1.16786
   546	     0	   1.12648
   547	     0	   1.14031
   548	     0	   1.15045
   549	     0	   1.15216
   550	     0	   1.16184
   551	     0	   1.18258
   552	     0	   1.12688
   553	     0	   1.19753
   554	     0	   1.12164
   555	     0	   1.13834
   556	     0	      1.15
   557	     0	   1.15971
   558	     0	   1.13659
   559	     0	   1.13519
   560	     0	   1.15705
   561	     0	   1.16011
   562	     0	   1.14942
   563	     0	   1.16558
   564	     0	   1.16211
   565	     0	   1.15436
   566	     0	   1.13911
   567	     0	   1.16786
   568	     0	   1.14275
   569	     0	   1.17001
   570	     0	   1.16551
   571	     0	   1.13346
   572	     0	    1.1508
   573	     0	   1.13936
   574	     0	    1.1926
   575	     0	   1.13806
   576	     0	   1.14144
   577	     0	   1.16288
   578	     0	   1.14024
   579	     0	   1.14504
   580	     0	   1.15986
   581	     0	   1.16304
   582	     0	   1.15937
   583	     0	    1.1714
   584	     0	   1.14944
   585	     0	   1.15682
   586	     0	   1.16568
   587	     0	   1.13989
   588	     0	   1.16199
   589	     0	   1.18634
   590	     0	    1.1218
   591	     0	   1.16707
   592	     0	   1.16549
   593	     0	   1.17484
   594	     0	   1.15668
   595	     0	   1.17073
   596	     0	    1.1829
   597	     0	   1.19044
   598	     0	    1.1567
   599	     0	   1.15441
   600	     0	   1.18181
   601	     0	   1.15356
   602	     0	   1.13449
   603	     0	    1.1487
   604	     0	   1.16642
   605	     0	   1.17627
   606	     0	   1.17002
   607	     0	   1.12697
   608	     0	    1.1383
   609	     0	   1.16073
   610	     0	   1.16968
   611	     0	   1.13817
   612	     0	   1.14928
   613	     0	   1.16571
   614	     0	   1.16213
   615	     0	   1.16434
   616	     0	   1.12816
   617	     0	    1.1563
   618	     0	   1.13839
   619	     0	   1.14886
   620	     0	   1.12677
   621	     0	    1.1619
   622	     0	    1.1622
   623	     0	   1.13825
   624	     0	   1.15921
   625	     0	   1.13937
   626	     0	   1.17004
   627	     0	   1.15132
   628	     0	   1.13018
   629	     0	   1.13826
   630	     0	   1.16984
   631	     0	   1.15013
   632	     0	   1.14598
   633	     0	   1.18986
   634	     0	   1.18166
   635	     0	   1.16203
   636	     0	   1.13664
   637	     0	   1.18265
   638	     0	   1.17261
   639	     0	   1.12677
   640	     0	   1.17195
   641	     0	   1.16773
   642	     0	   1.18138
   643	     0	   1.16298
   644	     0	   1.15602
   645	     0	   1.16507
   646	     0	   1.16538
   647	     0	   1.14489
   648	     0	   1.17287
   649	     0	   1.13464
   650	     0	    1.1899
   651	     0	   1.13823
   652	     0	   1.18267
   653	     0	    1.1489
   654	     0	   1.19049
   655	     0	   1.13936
   656	     0	   1.14291
   657	     0	   1.16768
   658	     0	   1.14063
   659	     0	   1.17106
   660	     0	   1.13648
   661	     0	   1.18284
   662	     0	   1.13647
   663	     0	   1.18037
   664	     0	    1.1838
   665	     0	   1.15662
   666	     0	   1.15946
   667	     0	   1.16721
   668	     0	   1.17825
   669	     0	   1.16529
   670	     0	   1.18116
   671	     0	   1.18004
   672	     0	   1.18786
   673	     0	   1.13655
   674	     0	   1.16769
   675	     0	   1.17214
   676	     0	   1.17395
   677	     0	   1.11102
   678	     0	   1.16354
   679	     0	   1.17719
   680	     0	   1.18099
   681	     0	   1.16564
   682	     0	   1.16693
   683	     0	   1.14781
   684	     0	   1.18917
   685	     0	   1.12804
   686	     0	   1.14921
   687	     0	   1.16556
   688	     0	   1.16568
   689	     0	   1.13511
   690	     0	   1.16732
   691	     0	   1.16915
   692	     0	   1.16564
   693	     0	   1.13935
   694	     0	   1.13922
   695	     0	   1.13594
   696	     0	     1.159
   697	     0	   1.13463
   698	     0	   1.15859
   699	     0	   1.19397
   700	     0	   1.13482
   701	     0	   1.15608
   702	     0	   1.13654
   703	     0	   1.18169
   704	     0	   1.13831
   705	     0	   1.17198
   706	     0	   1.16882
   707	     0	   1.14716
   708	     0	   1.16512
   709	     0	   1.13654
   710	     0	   1.12688
   711	     0	   1.13936
   712	     0	   1.13911
   713	     0	   1.13919
   714	     0	   1.15575
   715	     0	   1.12662
   716	     0	   1.16541
   717	     0	   1.16112
   718	     0	   1.18514
   719	     0	   1.13641
   720	     0	   1.13651
   721	     0	   1.14064
   722	     0	   1.18274
   723	     0	   1.14545
   724	     0	   1.16223
   725	     0	   1.18299
   726	     0	   1.15351
   727	     0	   1.15363
   728	     0	   1.13454
   729	     0	   1.15941
   730	     0	   1.17642
   731	     0	   1.15273
   732	     0	   1.14563
   733	     0	   1.16783
   734	     0	   1.18285
   735	     0	   1.15694
   736	     0	   1.16662
   737	     0	     1.139
   738	     0	    1.1365
   739	     0	    1.1624
   740	     0	   1.13902
   741	     0	   1.13952
   742	     0	     1.153
   743	     0	   1.19764
   744	     0	    1.1249
   745	     0	    1.1686
   746	     0	   1.16292
   747	     0	   1.12181
   748	     0	   1.16312
   749	     0	   1.14478
   750	     0	   1.14898
   751	     0	   1.15641
   752	     0	   1.14101
   753	     0	   1.14363
   754	     0	   1.14024
   755	     0	   1.13463
   756	     0	   1.12672
   757	     0	   1.17171
   758	     0	   1.16679
   759	     0	   1.12186
   760	     0	   1.16564
   761	     0	   1.17853
   762	     0	   1.15177
   763	     0	   1.13928
   764	     0	   1.18396
   765	     0	    1.1703
   766	     0	   1.16731
   767	     0	   1.14644
   768	     0	   1.15347
   769	     0	   1.15883
   770	     0	   1.13941
   771	     0	   1.15482
   772	     0	   1.13659
   773	     0	   1.16722
   774	     0	   1.15717
   775	     0	   1.13499
   776	     0	   1.15686
   777	     0	   1.14121
   778	     0	   1.13477
   779	     0	   1.16768
   780	     0	   1.18983
   781	     0	   1.15327
   782	     0	   1.13959
   783	     0	   1.15619
   784	     0	   1.18107
   785	     0	   1.18263
   786	     0	   1.12171
   787	     0	   1.12177
   788	     0	   1.15992
   789	     0	   1.16744
   790	     0	   1.21252
   791	     0	   1.14926
   792	     0	   1.12821
   793	     0	   1.17177
   794	     0	   1.18381
   795	     0	   1.15423
   796	     0	   1.16436
   797	     0	   1.16713
   798	     0	   1.13894
   799	     0	   1.17177
   800	     0	   1.15184
   801	     0	   1.16266
   802	     0	   1.14874
   803	     0	   1.15506
   804	     0	   1.18896
   805	     0	   1.16649
   806	     0	   1.15332
   807	     0	   1.16801
   808	     0	   1.14306
   809	     0	   1.13813
   810	     0	   1.12158
   811	     0	    1.1715
   812	     0	   1.14775
   813	     0	   1.14998
   814	     0	    1.1667
   815	     0	   1.14715
   816	     0	   1.14935
   817	     0	     1.122
   818	     0	   1.17375
   819	     0	   1.14856
   820	     0	   1.21268
   821	     0	   1.13603
   822	     0	   1.16876
   823	     0	   1.21269
   824	     0	   1.15679
   825	     0	    1.1382
   826	     0	   1.17887
   827	     0	   1.16902
   828	     0	   1.13668
   829	     0	   1.12177
   830	     0	   1.13468
   831	     0	   1.09756
   832	     0	   1.13672
   833	     0	   1.19239
   834	     0	   1.16919
   835	     0	   1.15693
   836	     0	   1.14654
   837	     0	   1.15392
   838	     0	   1.16967
   839	     0	   1.16977
   840	     0	    1.1348
   841	     0	   1.15176
   842	     0	   1.14905
   843	     0	   1.17064
   844	     0	    1.1764
   845	     0	   1.16894
   846	     0	   1.13923
   847	     0	    1.1665
   848	     0	   1.14904
   849	     0	   1.16278
   850	     0	   1.13459
   851	     0	    1.1339
   852	     0	   1.13608
   853	     0	   1.13625
   854	     0	   1.13482
   855	     0	   1.18297
   856	     0	   1.17348
   857	     0	   1.15659
   858	     0	   1.16974
   859	     0	   1.13468
   860	     0	   1.17633
   861	     0	   1.13937
   862	     0	   1.14091
   863	     0	    1.1283
   864	     0	   1.14993
   865	     0	   1.16215
   866	     0	   1.16501
   867	     0	   1.14957
   868	     0	    1.1501
   869	     0	   1.15806
   870	     0	   1.15401
   871	     0	   1.13843
   872	     0	   1.16504
   873	     0	   1.15239
   874	     0	    1.1534
   875	     0	   1.17188
   876	     0	   1.14287
   877	     0	   1.13634
   878	     0	   1.16025
   879	     0	   1.16181
   880	     0	   1.17618
   881	     0	   1.14048
   882	     0	   1.12181
   883	     0	   1.15007
   884	     0	   1.14917
   885	     0	   1.13656
   886	     0	    1.1559
   887	     0	   1.14278
   888	     0	   1.13758
   889	     0	   1.16553
   890	     0	   1.13843
   891	     0	   1.16644
   892	     0	   1.11781
   893	     0	   1.19475
   894	     0	   1.14869
   895	     0	   1.14114
   896	     0	   1.15147
   897	     0	   1.13898
   898	     0	   1.12187
   899	     0	   1.17536
   900	     0	   1.14061
   901	     0	   1.13998
   902	     0	   1.18988
   903	     0	   1.12187
   904	     0	   1.12822
   905	     0	   1.18384
   906	     0	   1.15771
   907	     0	   1.13435
   908	     0	   1.16074
   909	     0	   1.17318
   910	     0	   1.18505
   911	     0	   1.13495
   912	     0	   1.14995
   913	     0	   1.12175
   914	     0	   1.17256
   915	     0	   1.15575
   916	     0	   1.15647
   917	     0	   1.12192
   918	     0	   1.13664
   919	     0	   1.14834
   920	     0	   1.13052
   921	     0	    1.1571
   922	     0	   1.15482
   923	     0	   1.15873
   924	     0	   1.13804
   925	     0	   1.15695
   926	     0	   1.18405
   927	     0	   1.14527
   928	     0	   1.15024
   929	     0	    1.1721
   930	     0	   1.16416
   931	     0	   1.15702
   932	     0	   1.15257
   933	     0	   1.13668
   934	     0	   1.19027
   935	     0	   1.18152
   936	     0	   1.13929
   937	     0	   1.13665
   938	     0	   1.14899
   939	     0	   1.14296
   940	     0	   1.12816
   941	     0	   1.16701
   942	     0	    1.1824
   943	     0	   1.14447
   944	     0	   1.13817
   945	     0	   1.16647
   946	     0	   1.16655
   947	     0	   1.13844
   948	     0	   1.17196
   949	     0	   1.16572
   950	     0	   1.13675
   951	     0	   1.18383
   952	     0	   1.17105
   953	     0	   1.15687
   954	     0	   1.14987
   955	     0	   1.16577
   956	     0	   1.14293
   957	     0	   1.18369
   958	     0	   1.18901
   959	     0	   1.15134
   960	     0	   1.16739
   961	     0	   1.18379
   962	     0	   1.18104
   963	     0	   1.16525
   964	     0	   1.16219
   965	     0	   1.15982
   966	     0	   1.15703
   967	     0	    1.1672
   968	     0	   1.16785
   969	     0	    1.1832
   970	     0	   1.13294
   971	     0	   1.14841
   972	     0	   1.13483
   973	     0	   1.15576
   974	     0	   1.16267
   975	     0	     1.172
   976	     0	   1.16518
   977	     0	   1.16714
   978	     0	   1.15487
   979	     0	   1.17184
   980	     0	   1.16866
   981	     0	   1.16796
   982	     0	   1.12686
   983	     0	   1.16287
   984	     0	   1.14789
   985	     0	    1.1667
   986	     0	   1.17831
   987	     0	   1.14088
   988	     0	   1.14829
   989	     0	   1.16636
   990	     0	   1.13936
   991	     0	    1.1165
   992	     0	   1.16918
   993	     0	   1.15384
   994	     0	    1.1219
   995	     0	    1.1839
   996	     0	   1.15771
   997	     0	   1.14098
   998	     0	   1.17928
   999	     0	   1.15006
