Number of recorded male TB cases by age (15-19, ..., 90+) and year 
6446.8	6097.4	6133.0	6048.1	6116.0	6362.0	6272.0	6098.0	5877.0	5713.0	5802.0	5568.0	5123.0
14140.4	14214.4	14153.8	13862.8	13321.0	13762.0	13629.0	13172.0	12338.0	12160.0	12477.0	11236.0	10313.0
21584.8	21672.0	21896.9	22467.4	22986.0	24203.0	24213.0	23888.0	22640.0	21440.0	21913.0	19530.0	17497.0
27980.3	28973.1	30320.5	31020.1	31445.0	31986.0	31274.0	29998.0	28317.0	28219.0	28937.0	26166.0	24626.0
24576.7	27026.9	27632.4	29354.2	31328.0	32635.0	32319.0	31977.0	29387.0	28611.0	28477.0	25721.0	23205.0
22078.8	24019.8	24370.9	24542.3	25461.0	26274.0	26241.0	25514.0	24162.0	24029.0	24443.0	22471.0	20516.0
15042.9	18066.2	18764.7	19791.6	20675.0	21681.0	21273.0	21066.0	19062.0	18282.0	18305.0	16936.0	15374.0
10856.6	11945.4	12524.6	13159.1	14496.0	14942.0	15325.0	15413.0	14468.0	14336.0	15143.0	14076.0	12577.0
6133.5	7236.1	7685.9	8555.8	9472.0	9995.0	9988.0	10259.0	9658.0	9715.0	10001.0	9686.0	8937.0
3948.9	4108.6	4171.0	4578.4	4941.0	5296.0	5659.0	6104.0	5848.0	5899.0	6377.0	5996.0	5478.0
2006.0	2489.4	2621.3	2948.8	3266.0	3375.0	3098.0	3183.0	3011.0	3105.0	3429.0	3381.0	3130.0
1186.9	1217.6	1286.8	1328.6	1629.0	1711.0	2011.0	2120.0	2114.0	2131.0	2175.0	1863.0	1721.0
589.2	675.4	820.4	784.7	940.0	1018.0	988.0	1074.0	973.0	968.0	1117.0	1176.0	1130.0
284.4	283.4	293.6	398.6	453.0	550.0	543.0	602.0	620.0	587.0	595.0	490.0	480.0
121.9	127.8	166.4	178.5	217.0	186.0	208.0	250.0	223.0	258.0	272.0	263.0	245.0
44.9	45.8	43.5	59.2	77.0	86.0	106.0	110.0	109.0	121.0	145.0	143.0	121.0
Number of recorded female TB cases by age (15-19, ..., 90+) and year 
8521.2	8669.9	8584.7	8728.1	9096.0	9463.0	9200.0	8740.0	7978.0	7343.0	7129.0	6759.0	5833.0
18999.2	19508.5	20303.7	20473.5	20867.0	21119.0	21029.0	19610.0	17566.0	15925.0	15503.0	13348.0	11293.0
22457.3	24523.6	26207.8	27102.9	29542.0	30697.0	30646.0	29126.0	25986.0	22935.0	21770.0	18464.0	15794.0
21288.6	24018.7	25808.2	27020.9	29104.0	29713.0	29056.0	27522.0	24194.0	22584.0	22147.0	19166.0	16738.0
14790.5	17341.9	19265.0	20697.7	23158.0	24034.0	23946.0	23753.0	20374.0	18450.0	17783.0	15537.0	13238.0
11360.2	12622.9	14164.4	14892.5	16405.0	16795.0	17031.0	16721.0	14949.0	14293.0	14165.0	12383.0	10767.0
6883.1	8301.3	9370.1	10115.8	11841.0	12523.0	12694.0	12689.0	10866.0	10324.0	10178.0	9063.0	7820.0
4873.8	5588.2	6080.0	6471.6	7631.0	8271.0	8481.0	8492.0	7727.0	7519.0	7785.0	6933.0	6138.0
2906.3	3502.5	3867.8	4502.6	5123.0	5623.0	5569.0	5989.0	5253.0	5114.0	5102.0	4925.0	4254.0
2327.9	2422.3	2459.1	2770.3	3216.0	3302.0	3714.0	3769.0	3385.0	3513.0	3579.0	3206.0	2940.0
1274.6	1654.3	1787.1	1943.0	2322.0	2361.0	2305.0	2323.0	2100.0	2080.0	2208.0	2102.0	1935.0
947.4	984.3	1083.3	1168.7	1421.0	1453.0	1783.0	1848.0	1793.0	1804.0	1714.0	1516.0	1312.0
476.9	537.9	641.3	727.6	919.0	1023.0	953.0	1168.0	1020.0	999.0	1111.0	1110.0	1049.0
263.0	264.2	273.5	346.7	482.0	564.0	633.0	774.0	764.0	809.0	840.0	741.0	601.0
92.0	139.5	148.4	211.7	218.0	243.0	209.0	284.0	291.0	289.0	344.0	433.0	369.0
37.4	37.3	53.0	61.2	113.0	131.0	120.0	146.0	183.0	180.0	131.0	201.0	171.0
Recorded proportions dead, in males and females (15+), by year
0.0791	0.0869	0.0926	0.0974	0.0988	0.0956	0.0901	0.0880	0.0859	0.0752	0.0679	0.0681	0.0650
0.0843	0.0908	0.0948	0.0972	0.0973	0.0926	0.0863	0.0799	0.0792	0.0712	0.0623	0.0651	0.0638
HIV prevalence in adult TB patients, 2009-2016
0.7065	0.7088	0.6930	0.6808	0.6593	0.6470	0.6362	0.6316
Number of recorded patients starting second-line treatment (2007-2019)
3612.5	4087.0	4772.5	5522.5	6068.5	8578.5	11100.5	12032.5	11859.5	10663.5	9846.5	9150.5	7807.0
