Male TB deaths																			
25.81	25.28	29.18	45.45	47.07	41.1	47.51	48.9	44.91	53.81	46.05	44.15	45.59	52.34	47.64	39.61	46.38	47.54	38.96	42.36
148.81	160.17	208.21	241.08	234.49	266.58	251.32	256.47	261.52	265.77	243.5	207.59	246.4	208.51	149.86	124.02	100.43	114.37	122.54	88.25
248.73	427.13	457.17	500.06	583.89	654.04	668.68	731.47	748.28	742.63	744.25	751.1	740.04	724.22	577.56	494.66	467.75	433.99	349.31	336.92
456.37	547.25	635.54	783.7	787.18	874.68	925.74	989.05	1039.92	1094.14	1120.32	1031.13	1015.72	976.11	881.73	773.31	877.21	761.22	731.11	683.12
579.52	600.05	793.64	842.26	874.93	910.28	944.51	1014.69	1067.55	1131.23	1063.46	1078.2	957.21	1023.13	937.56	876.04	764.09	788.29	788.4	644.21
501.59	613.55	750.76	782.12	914.84	934.84	973.02	994.34	964.47	1064.07	977.59	994.32	1028.82	957.96	842.61	756.83	820.2	737.72	717.63	705.17
489.78	522.81	619.29	703.47	723.26	808.19	819.45	898.89	935.85	938.71	899.22	886.16	898.11	860.34	740.68	774.97	675.43	676.14	639.63	586.12
394.74	479.98	495.97	546.32	557.8	606.43	673.54	651.9	694.53	723.95	715.53	787.08	803.1	771.85	733.34	714.67	703.95	666.33	677.07	571.49
424.49	453.42	465.76	432.05	447.23	433.9	454.76	497.47	504.77	524.94	542.05	571.39	602.92	585.22	590.02	601.2	596.01	558.59	540.68	557.33
248.86	250.52	313.86	358.9	421.18	454.73	418.53	386.49	450.98	415.71	368.88	408.8	439.07	511.75	479.82	491.08	419.07	461.44	467.45	402.24
256.52	257.72	291.19	318.55	302.16	264.97	289.55	309.49	415.49	423.25	458.6	405.72	386.11	366.88	326.19	313.79	278.25	338.47	352.09	330.9
160.76	227.48	265.2	268.86	308.92	291.25	288.73	249.71	250.34	257.99	213.59	236.99	231.52	286.94	279.67	300.67	266.9	243.98	244.93	213.03
253.41	206.34	165.69	181.77	181.65	168.64	179.47	150.92	181.16	222.88	166.06	198.99	200.21	178.86	151.79	168.01	150.75	163.64	206.02	186.05
76.12	102.75	119.71	147.39	156.52	124.35	101.23	106.9	81.55	107.66	80.88	101.57	123.36	99.71	114.65	87.51	83.15	110.59	83.56	92.79
51.97	42.56	63.93	52.05	46.07	17.97	48.1	29.37	65.91	57.06	43.31	45.72	39.48	46.11	52.91	47.52	48.09	54.54	52.87	67.88
12.61	14.99	19.72	21.58	26.09	30.35	20.62	19.32	24.5	25.16	18.3	34.44	43.15	30.74	30.25	16.03	32.21	24.51	48.29	24.6
Female TB deaths 																			
46.3	71.98	92.55	124.03	124.96	143.8	161.68	134.87	148.14	169.9	113.75	124.76	147.57	106.19	90.35	104.21	98.37	86.36	69.91	66.41
325.57	439.76	423.2	548.57	628.42	633.4	661.67	719.46	751.97	789.93	802.73	704.39	582.59	569.78	445.37	416.61	388.55	386.87	311.35	289.62
393.97	525.35	621.3	746.67	865.1	974.91	995.93	1156.54	1204.34	1221.45	1166.35	1115.3	1146.05	1003.44	856.9	858.93	759.89	727.47	607.67	528.21
420.05	450.34	521.85	664.99	751.37	788.1	859.8	955.77	1115.49	1150.9	1163	1048.56	984.23	950.76	811.52	788.82	808.65	850.54	719.59	666.61
350.18	409.64	464.74	560.25	664.86	721.65	757	826.25	893.53	903.58	933.73	913.92	885.74	870.49	736.05	611.9	660.94	671.81	599.11	519.96
270.79	330.77	373.48	470.01	601.96	629.49	645.37	748.28	773.33	781.81	851.64	786.43	705.79	680	607.54	602.77	593.34	537.98	496.52	502.32
181.24	245.5	300.66	343.77	413.58	475.33	517.86	548.11	566.94	690.73	603.09	661.08	657.59	568.16	585.31	452.56	500.41	437.87	401.1	367.55
138.42	183.3	204.59	231.3	258.26	292.08	335.25	361.63	400.53	417.25	430.15	420.26	413.34	409.07	414.04	400.86	418.93	377.44	348.14	349.6
204.59	172.95	185.98	206.45	192.1	189.57	207.82	218.73	238.87	273.2	260.67	303.87	305.67	296.24	339.5	295.15	285.97	300.91	266.65	288.29
168.94	147.43	136.15	207.21	196.66	244.72	227.67	259.9	213.54	199.29	247.34	239.19	203.57	212.25	191.29	186.3	179.04	210.75	194.92	195.82
166.29	189.36	211.95	222.94	200.83	186.14	167.17	200.5	231.36	262.01	226.98	265.02	250.79	210.63	165.23	168.29	150.06	125.45	156.71	138.21
147.8	133.11	170	227.23	214.06	197.98	211.46	186.69	205.31	186.88	165.91	171.26	186.01	181.24	192.22	208.4	159.95	179.33	175.7	139.28
168.4	130.27	122.71	129.14	146.16	129.02	100.32	123.5	150.55	179.34	171.14	189.54	208.48	149.94	157.44	157.4	126.29	148.06	159	164.43
63.28	72.84	104.73	129.79	130.07	117.29	121.35	70.79	82.8	68.13	75.48	98.89	105.28	109.73	124.34	138.63	146.16	126.99	141.38	123.3
52.1	49.92	55.26	58.84	46.06	46.76	62.5	54.57	62.8	51.73	69.02	67.46	69.74	59.84	63.03	51.62	60.09	69.51	101.69	106.7
24.28	14.91	19.89	25.64	32.31	40.06	29.05	34.08	30.66	19.66	28.18	62.48	47.14	22.47	38.08	34.37	34.95	40.58	50.33	69.54
Expected TB deaths in adults living with HIV																			
2553.3314	3453.9019	4496.1875	5651.2062	6709.978	7905.808	9108.3761	10419.0032	10832.1515	10680.211	9831.4426	9212.32	8646.7453	7756.5249						
Standard error (log scale) for TB deaths in HIV-positive adults																			
0.169993667	0.169747888	0.169607152	0.169396233	0.169168019	0.169093517	0.168972878	0.168924513	0.168947452	0.169194113	0.169177746	0.16931065	0.169763366	0.170379533						
