Male TB deaths																			
2.1	7.7	7.39	4.16	16.29	8.33	5.31	8.47	6.42	6.22	9.61	12.03	5.52	5.46	5.76	4.29	4.32	6.16	10.75	4.16
17.91	26.23	18.15	26.66	28.02	26.36	32.49	42.37	41.95	30.29	25.08	29.23	32.46	20.13	32.25	30.62	19.2	16.87	14.16	17.19
42.42	59.61	41.98	75.9	77.58	80.56	83.77	85.29	89.04	89.56	90.96	85.83	96.04	73.79	77.51	75.44	56.78	62.26	59.4	46.74
55.98	73.71	86.66	101.48	114.5	120.99	133.74	141.77	135.47	146.63	148.1	168.33	152.78	111.8	128.31	106.23	105.2	98.21	111.72	97.22
69.8	79.54	93.43	124.08	124.03	136.21	149.82	159.13	193.79	157.73	153.01	156.93	163.2	164.16	134.06	133.47	109.04	121.93	93.05	94.73
76.23	93.9	94.65	123.49	122.74	156.37	147.12	154.81	164.02	180.41	173.92	169.68	166.19	152.32	145.5	135.77	126.33	125.93	94.44	75.34
52.37	58.54	75.91	77.36	94.85	118.5	110.5	104.65	113.12	138.46	132.08	134.59	127.94	125.84	101.06	111.89	95.72	89.37	80.37	81.13
48.48	49.09	66.28	63.26	70.19	71.53	83.56	69.54	88.24	98.88	70.12	106.98	99.54	85.21	83.48	84.23	83.6	77.27	75.19	75.17
46.64	57.4	52.58	40.36	53.51	59.8	65.82	54.31	72.33	62.96	69.56	76.01	71.87	66.27	73.9	75.1	65.03	56.7	58.6	72
51.8	50.09	50.23	44.23	30.79	46.85	49.66	48.76	57.62	48.59	39.71	60.76	60.18	59.58	59.81	53.49	57.41	71.77	59.08	55.84
27.34	40.41	36.61	34.78	35.23	49.41	40.36	25.88	45.99	30.53	43.22	54.42	38.38	26.79	45	37.29	51.4	44.67	52.38	40.07
22.38	29.86	19.01	18.27	20.41	26.63	23.33	28.36	27.54	32.99	30.7	29.94	25.74	28.89	24.07	30.99	26.06	20.35	14.33	31.32
21.8	19.24	11.15	17.81	4.37	18.98	15.11	6.8	8.03	9.26	11.66	16.31	11.74	4.85	13.17	16.84	9.68	11.23	8.91	7.78
5.71	11.06	8.14	6.62	6.71	4.63	10.39	13.52	8.07	5.79	4.79	4.6	7.59	4.01	1.4	6.29	5.72	8.33	6.91	5.69
2.44	5.11	0	4.7	4.65	1.21	10.93	1.18	2.45	4.99	6	5.05	0	2.54	5.72	5.14	2.41	2.38	1.18	4.54
5.33	1.48	3.83	1.17	0	0	0	1.21	1.32	2.64	2.76	1.44	1.29	4.11	1.54	0	1.31	0	2.86	0
Female TB deaths 																			
14.68	14.77	9.37	21.74	21.67	27.54	29.18	20.82	23.78	18.61	17.93	15.59	18.95	16.75	14.73	22.72	10.22	14.54	14.82	9.59
40.93	39.94	46.21	45.28	47.3	60.48	60.52	56.84	62.68	65.14	50.79	60.41	58.44	45.25	50.22	49.1	44.44	43.8	42.64	29.92
54.84	60.81	67.29	89.95	90.63	109.46	112.92	132.63	149.18	135.91	139.63	140.15	137.86	132.55	100.9	95.29	90.77	100.59	75.96	63.68
48.18	57.36	61.04	76.98	93.9	104.22	106.07	142.26	182.29	158.62	151.21	155.9	135.66	124.98	123.34	127.75	103.67	100.19	71.35	69.09
46	53.83	48.29	79.81	76.89	93.75	98.1	114.38	147.74	131.22	129.27	151.43	144.54	108.97	104.6	91.31	82.4	88.27	81.83	59.97
26.6	44.15	49.38	57.51	68.59	76.09	65.88	103.41	97.92	117.4	117.14	96.83	98.38	84.73	88.57	91.84	84.29	78.18	61.76	54.89
25.73	37.96	31.11	39.2	60.3	52.21	69.34	63.89	89.56	70.26	82.93	80.27	75.36	74.89	65.76	70.93	65.43	66.28	58	43.11
22.11	25.28	22.94	27.51	21.89	41.48	33.92	49.02	44.19	47.03	45.32	47.47	54.03	43.75	46.53	56.92	52.33	53.8	40.64	31.52
12.59	24.35	23.53	19.44	21.64	28.62	23.7	26.31	36.47	25.27	36.08	33.51	30.62	30.44	31.31	47.56	36.77	35.07	33.8	32.62
15.78	12.16	16.73	15.68	22.79	25.48	31.41	18.18	24.64	25.23	29.62	27.75	22.17	23.42	27.33	40.64	38.38	30.59	27.31	22.41
11.35	12.65	7.33	13.98	18.1	17.53	12.93	14.97	26.17	11.53	13.39	17.5	15.2	19.44	18.67	16.07	22.04	13.1	11.89	13.09
7.04	8.1	5.24	6.31	7.55	6.52	12.13	14.38	8.84	17.2	10.32	10.73	16.23	5.98	11.48	18.77	6.8	9.84	7.5	11.82
5.05	8.89	5.49	3.33	7.58	5.65	5.6	2.23	3.39	5.7	1.17	6.21	1.23	6.23	14.03	6.31	12.52	5.68	10.14	4.56
2.55	1.29	3.44	1.14	5.68	5.04	4.59	5.88	3.5	2.42	3.66	6.39	3.85	4.04	4.46	2.61	5.82	6.86	2.27	1.15
2.92	1.31	2.47	2.42	2.43	2.58	1.22	1.22	6.51	0	1.27	1.35	1.33	0	5.52	1.34	1.29	0	4.76	2.36
4.53	0	1.32	1.25	0	1.42	4.05	2.63	4.19	2.67	2.72	0	4.63	3.14	0	0	1.43	2.74	1.29	1.29
Expected TB deaths in adults living with HIV																			
424.5	618.6	843.1	1087.1	1310.3	1541.9	1760.9	2010.0	1960.6	1868.2	1914.7	1801.9	1700.3	1566.3					
Standard error (log scale) for TB deaths in HIV-positive adults																			
0.1757	0.1734	0.1721	0.1711	0.1705	0.1701	0.1698	0.1696	0.1701	0.1705	0.1708	0.1707	0.1707	0.1716
				
