Male TB deaths
132.1	151.4	165.2	242.5	254.0	261.4	265.6	280.1	266.1	281.3	286.5	275.4	291.2	309.1	329.6	304.5	309.4	336.3	261.9	254.1	259.5	249.6	255.6
596.8	744.3	889.7	1077.9	1228.0	1327.2	1426.4	1366.9	1342.4	1308.1	1315.9	1170.7	1180.8	1038.7	901.1	833.6	703.9	660.7	610.4	563.6	623.7	623.4	556.4
1601.6	2191.1	2782.4	3550.6	4167.6	4754.6	5061.5	5090.5	5189.7	5153.0	4858.3	4569.1	4369.4	3840.8	3560.9	3138.1	2833.2	2550.4	2002.7	1741.8	1660.4	1508.1	1295.2
2369.5	3128.6	3968.8	4876.2	5957.7	7038.8	7624.9	8604.8	9137.3	9305.7	9106.9	8566.1	7733.6	7146.9	6284.7	5718.4	5559.9	5174.6	4179.8	3294.6	3216.8	2874.9	2574.5
2449.6	3143.7	4029.7	4962.8	5931.4	6946.2	7690.1	8212.5	9083.6	9345.6	9238.5	9140.4	8328.2	8091.6	7191.2	6806.3	6348.4	5985.5	4777.0	3639.2	3706.7	3447.1	3188.8
2324.4	3003.6	3662.5	4369.4	5171.8	6198.0	6706.5	7474.7	8054.4	8469.7	8370.3	7878.6	7497.1	6997.8	6297.3	5845.9	5777.0	5614.7	4519.8	3751.8	3676.3	3532.4	3102.6
2128.7	2434.3	2928.8	3487.3	3943.7	4680.3	5156.6	5718.7	6238.5	6676.5	6626.2	6499.2	6103.3	5833.2	5232.5	5047.4	4761.9	4561.2	3767.1	3235.6	3328.0	3170.4	3198.5
1683.9	1889.3	2251.8	2541.2	2854.8	3270.7	3755.8	3942.6	4326.8	4571.8	4577.3	4854.3	4757.7	4450.8	4145.1	4109.7	3906.9	3950.9	3391.0	2991.3	2822.1	2808.9	2802.3
1545.2	1624.9	1754.2	1809.8	1937.2	2095.2	2352.0	2547.1	2810.3	2928.4	3081.2	3195.7	3205.8	3124.7	3053.9	3096.0	2953.1	3001.5	2667.0	2534.4	2614.1	2529.6	2587.1
1127.3	1169.5	1276.7	1348.5	1443.5	1477.2	1537.9	1502.4	1674.8	1786.4	1815.8	1904.4	1912.0	2079.1	2110.9	2131.5	2039.6	2117.4	2012.9	1992.1	1973.8	2055.7	2182.3
972.0	964.7	957.3	1007.5	1002.2	934.7	1091.2	996.9	1233.0	1226.1	1304.4	1342.7	1305.6	1300.4	1269.8	1292.7	1347.2	1353.7	1414.7	1283.4	1363.9	1402.0	1618.5
588.4	708.5	800.5	780.2	835.7	849.1	801.7	781.6	781.8	844.2	772.4	876.3	895.4	933.0	922.0	987.5	920.2	910.2	850.7	878.5	825.1	853.9	907.2
670.9	568.9	571.1	554.8	570.7	496.7	522.4	501.5	535.8	631.4	561.7	630.0	674.3	586.9	595.6	588.3	657.4	662.4	631.9	589.3	650.4	567.7	604.1
296.4	365.9	413.6	451.4	400.7	352.8	366.0	330.1	299.9	351.2	325.4	330.9	391.6	381.3	382.5	361.0	334.7	380.6	289.2	296.4	273.6	310.8	335.6
160.6	150.2	198.9	186.4	206.4	124.6	191.2	195.6	208.8	227.6	200.2	208.0	190.6	203.8	201.1	199.6	216.7	243.4	197.4	161.2	170.4	136.9	158.4
18.2	24.2	29.7	49.5	56.5	70.3	76.6	83.2	97.7	107.6	105.0	127.8	131.8	127.2	125.1	96.8	115.4	115.2	104.2	71.2	92.6	84.1	77.7
Female TB deaths 
343.8	410.0	499.9	585.8	664.6	689.5	718.0	674.0	704.2	662.1	642.2	644.9	603.5	612.3	542.1	552.4	510.4	464.6	396.4	377.8	381.5	353.0	353.6
1585.0	2134.5	2411.3	3025.1	3456.6	3842.4	3878.0	4064.2	4144.8	3902.1	3723.4	3296.6	2960.1	2687.9	2361.0	2128.7	1951.6	1701.4	1478.5	1291.6	1176.6	1057.3	958.2
2124.5	2819.3	3834.7	5153.3	6494.5	7634.5	8330.9	8897.3	9022.2	8602.4	8231.9	7326.6	6760.0	5946.3	5229.3	4780.1	4193.3	3890.4	3211.5	2931.3	2643.3	2307.7	1989.2
1697.5	2243.4	2996.6	4085.7	5245.5	6480.7	7517.1	8451.7	9229.1	9376.3	9045.8	7964.6	7269.8	6471.5	5624.0	5038.3	4643.2	4305.4	3706.9	3565.4	3528.7	3085.8	2682.7
1287.7	1767.7	2295.3	3148.0	4052.8	4907.3	5710.1	6388.5	7040.0	7111.7	7083.5	6668.5	6054.7	5585.4	4976.4	4256.3	4054.1	3661.5	3146.4	2911.5	2881.4	2748.0	2466.5
980.1	1272.6	1669.4	2103.9	2858.5	3517.9	4164.1	4803.3	5429.8	5572.9	5702.6	5209.7	4772.1	4378.0	4009.4	3587.9	3321.5	3149.2	2597.2	2544.3	2393.1	2264.3	1991.5
734.0	925.5	1090.9	1470.4	1851.1	2258.7	2754.5	3147.7	3487.1	3964.3	3914.4	3927.3	3740.8	3467.9	3315.5	2945.3	2782.2	2420.4	2133.4	1928.8	1898.5	1791.4	1619.5
521.3	651.5	718.7	927.3	1105.8	1400.3	1616.2	1859.8	2254.1	2437.2	2470.2	2479.9	2398.8	2370.4	2139.4	2126.1	2028.2	1899.2	1685.7	1520.3	1487.4	1371.5	1295.0
490.7	507.5	620.9	676.5	705.4	802.9	949.6	1080.4	1314.8	1408.7	1459.0	1578.6	1466.1	1584.5	1523.7	1415.4	1370.0	1358.2	1174.9	1086.0	1129.4	977.8	996.2
505.6	497.4	556.1	595.0	615.0	739.4	708.3	765.1	801.7	843.8	951.8	928.4	959.6	996.7	985.7	1009.6	984.8	955.7	912.8	857.2	828.4	859.8	850.0
472.5	469.2	512.7	542.0	525.0	519.0	565.8	583.1	654.0	682.0	654.4	763.6	754.8	738.7	692.1	685.3	666.8	638.6	592.6	571.9	584.1	585.4	655.2
354.3	349.7	383.9	466.4	444.4	478.9	469.2	412.5	443.3	478.0	492.1	542.4	564.2	554.9	571.9	594.3	535.2	486.1	472.3	423.2	446.9	425.0	440.3
355.8	297.9	327.0	302.1	314.0	324.5	284.6	312.3	366.8	400.7	414.9	459.5	485.8	452.8	457.9	467.5	428.4	432.6	412.1	428.9	377.8	410.8	388.9
175.2	199.6	232.3	272.7	245.7	240.6	254.7	226.5	205.4	220.1	252.2	275.6	301.6	314.8	362.1	392.7	411.8	346.7	334.0	293.6	308.7	293.2	341.9
116.0	116.0	109.8	149.3	120.5	140.2	137.0	154.0	165.0	137.4	170.7	182.7	195.6	175.4	197.7	179.9	201.3	212.2	244.5	200.7	206.2	241.3	238.8
18.6	18.1	25.4	36.6	46.3	70.6	86.0	78.9	80.5	55.2	113.7	139.2	164.4	86.3	105.2	119.7	117.5	133.5	113.3	116.2	131.6	155.7	162.8
Expected TB deaths in adults living with HIV
22423.9	30772.2	40506.9	51366.9	61758.3	72597.7	83339.5	94692.1	98092.5	92833.3	82787.0	74244.9	67847.5	61486.7
Standard error (log scale) for TB deaths in HIV-positive adults
0.1733	0.1725	0.1714	0.1710	0.1704	0.1701	0.1698	0.1696	0.1697	0.1705	0.1718	0.1719	0.1711	0.1706
