     0	     0	   1.05409	   1.05409	  0.617396	         0	         0
     1	     0	    1.0273	    1.0273	      0.66	         0	         0
     2	     0	    1.0185	    1.0185	      0.66	         0	         0
     3	     0	   1.04311	   1.04311	  0.656307	         0	         0
     4	     0	   1.03917	   1.03917	  0.626196	         0	         0
     5	     0	   1.01357	   1.01357	      0.66	         0	         0
     6	     0	   1.02995	   1.02995	  0.643436	         0	         0
     7	     0	   1.04424	   1.04424	  0.630604	         0	         0
     8	     0	   1.02535	   1.02535	      0.66	         0	         0
     9	     0	   1.03462	   1.03462	      0.66	         0	         0
    10	     0	   1.03316	   1.03316	      0.66	         0	         0
    11	     0	   1.03462	   1.03462	      0.66	         0	         0
    12	     0	   1.03309	   1.03309	      0.66	         0	         0
    13	     0	   1.03224	   1.03224	      0.66	         0	         0
    14	     0	   1.03515	   1.03515	  0.643902	         0	         0
    15	     0	   1.04075	   1.04075	      0.66	         0	         0
    16	     0	   1.05282	   1.05282	      0.66	         0	         0
    17	     0	   1.02535	   1.02535	      0.66	         0	         0
    18	     0	   1.03423	   1.03423	      0.66	         0	         0
    19	     0	   1.06412	   1.06412	  0.603085	         0	         0
    20	     0	   1.03731	   1.03731	      0.66	         0	         0
    21	     0	   1.05409	   1.05409	  0.617396	         0	         0
    22	     0	   1.06412	   1.06412	  0.603085	         0	         0
    23	     0	   1.04091	   1.04091	      0.66	         0	         0
    24	     0	   1.02601	   1.02601	      0.66	         0	         0
    25	     0	   1.01847	   1.01847	  0.584708	         0	         0
    26	     0	   1.01357	   1.01357	      0.66	         0	         0
    27	     0	   1.04293	   1.04293	      0.66	         0	         0
    28	     0	   1.04447	   1.04447	  0.646962	         0	         0
    29	     0	   1.06412	   1.06412	  0.603085	         0	         0
    30	     0	   1.02285	   1.02285	  0.638475	         0	         0
    31	     0	   1.05282	   1.05282	      0.66	         0	         0
    32	     0	   1.03584	   1.03584	  0.656333	         0	         0
    33	     0	   1.05639	   1.05639	  0.647174	         0	         0
    34	     0	   1.02041	   1.02041	  0.659583	         0	         0
    35	     0	   1.03234	   1.03234	  0.644166	         0	         0
    36	     0	   1.03068	   1.03068	      0.66	         0	         0
    37	     0	   1.05291	   1.05291	      0.66	         0	         0
    38	     0	   1.01194	   1.01194	  0.645076	         0	         0
    39	     0	   1.03324	   1.03324	  0.652549	         0	         0
    40	     0	   1.01357	   1.01357	      0.66	         0	         0
    41	     0	   1.02467	   1.02467	      0.66	         0	         0
    42	     0	   1.01357	   1.01357	      0.66	         0	         0
    43	     0	   1.03565	   1.03565	      0.66	         0	         0
    44	     0	    1.0185	    1.0185	      0.66	         0	         0
    45	     0	     1.036	     1.036	  0.652319	         0	         0
    46	     0	   1.02285	   1.02285	  0.638475	         0	         0
    47	     0	   1.02936	   1.02936	  0.653158	         0	         0
    48	     0	   1.03462	   1.03462	      0.66	         0	         0
    49	     0	   1.02786	   1.02786	  0.650622	         0	         0
    50	     0	   1.04899	   1.04899	  0.621407	         0	         0
    51	     0	   1.04809	   1.04809	      0.66	         0	         0
    52	     0	    1.0185	    1.0185	      0.66	         0	         0
    53	     0	   1.06412	   1.06412	  0.603085	         0	         0
    54	     0	   1.02124	   1.02124	      0.66	         0	         0
    55	     0	   1.02587	   1.02587	      0.66	         0	         0
    56	     0	     1.066	     1.066	  0.646604	         0	         0
    57	     0	   1.02086	   1.02086	      0.66	         0	         0
    58	     0	   1.03351	   1.03351	      0.66	         0	         0
    59	     0	   1.02086	   1.02086	      0.66	         0	         0
    60	     0	   1.05736	   1.05736	      0.66	         0	         0
    61	     0	   1.02285	   1.02285	  0.638475	         0	         0
    62	     0	   1.03995	   1.03995	  0.633489	         0	         0
    63	     0	   1.06412	   1.06412	  0.603085	         0	         0
    64	     0	    1.0185	    1.0185	      0.66	         0	         0
    65	     0	    1.0376	    1.0376	  0.595016	         0	         0
    66	     0	    1.0302	    1.0302	      0.66	         0	         0
    67	     0	   1.05291	   1.05291	      0.66	         0	         0
    68	     0	    1.0164	    1.0164	   0.60716	         0	         0
    69	     0	   1.03442	   1.03442	  0.658428	         0	         0
    70	     0	    1.0185	    1.0185	      0.66	         0	         0
    71	     0	   1.04777	   1.04777	  0.623082	         0	         0
    72	     0	   1.02493	   1.02493	  0.640651	         0	         0
    73	     0	   1.04041	   1.04041	  0.653072	         0	         0
    74	     0	   1.05336	   1.05336	      0.66	         0	         0
    75	     0	    1.0273	    1.0273	      0.66	         0	         0
    76	     0	     1.038	     1.038	   0.65534	         0	         0
    77	     0	   1.02524	   1.02524	  0.648097	         0	         0
    78	     0	   1.03917	   1.03917	  0.626196	         0	         0
    79	     0	   1.03375	   1.03375	      0.66	         0	         0
    80	     0	   1.01357	   1.01357	      0.66	         0	         0
    81	     0	   1.03061	   1.03061	      0.66	         0	         0
    82	     0	   1.02524	   1.02524	  0.648097	         0	         0
    83	     0	   1.03193	   1.03193	      0.66	         0	         0
    84	     0	     1.044	     1.044	      0.66	         0	         0
    85	     0	    1.0185	    1.0185	      0.66	         0	         0
    86	     0	   1.02086	   1.02086	      0.66	         0	         0
    87	     0	   1.02086	   1.02086	      0.66	         0	         0
    88	     0	   1.04275	   1.04275	      0.66	         0	         0
    89	     0	   1.06412	   1.06412	  0.603085	         0	         0
    90	     0	   1.03372	   1.03372	  0.635598	         0	         0
    91	     0	   1.02766	   1.02766	   0.65851	         0	         0
    92	     0	   1.03949	   1.03949	  0.658488	         0	         0
    93	     0	   1.04641	   1.04641	      0.66	         0	         0
    94	     0	   1.02731	   1.02731	      0.66	         0	         0
    95	     0	   1.04188	   1.04188	      0.66	         0	         0
    96	     0	   1.02285	   1.02285	  0.638475	         0	         0
    97	     0	   1.01357	   1.01357	      0.66	         0	         0
    98	     0	   1.01357	   1.01357	      0.66	         0	         0
    99	     0	   1.02983	   1.02983	      0.66	         0	         0
   100	     0	   1.04253	   1.04253	  0.656201	         0	         0
   101	     0	   1.02285	   1.02285	  0.638475	         0	         0
   102	     0	   1.03309	   1.03309	      0.66	         0	         0
   103	     0	   1.01194	   1.01194	  0.645076	         0	         0
   104	     0	   1.02649	   1.02649	      0.66	         0	         0
   105	     0	   1.03719	   1.03719	  0.641381	         0	         0
   106	     0	   1.03845	   1.03845	  0.618522	         0	         0
   107	     0	   1.03377	   1.03377	  0.628879	         0	         0
   108	     0	   1.05291	   1.05291	      0.66	         0	         0
   109	     0	   1.04253	   1.04253	  0.656201	         0	         0
   110	     0	   1.02086	   1.02086	      0.66	         0	         0
   111	     0	   1.02285	   1.02285	  0.638475	         0	         0
   112	     0	   1.05409	   1.05409	  0.617396	         0	         0
   113	     0	   1.01357	   1.01357	      0.66	         0	         0
   114	     0	     1.066	     1.066	  0.646604	         0	         0
   115	     0	   1.05282	   1.05282	      0.66	         0	         0
   116	     0	   1.02987	   1.02987	      0.66	         0	         0
   117	     0	   1.04927	   1.04927	  0.627749	         0	         0
   118	     0	   1.03562	   1.03562	  0.655667	         0	         0
   119	     0	   1.02086	   1.02086	      0.66	         0	         0
   120	     0	   1.02856	   1.02856	  0.547382	         0	         0
   121	     0	   1.04026	   1.04026	  0.631061	         0	         0
   122	     0	   1.03155	   1.03155	      0.66	         0	         0
   123	     0	   1.02409	   1.02409	      0.66	         0	         0
   124	     0	   1.04406	   1.04406	      0.66	         0	         0
   125	     0	   1.03309	   1.03309	      0.66	         0	         0
   126	     0	   1.02086	   1.02086	      0.66	         0	         0
   127	     0	   1.03995	   1.03995	  0.633489	         0	         0
   128	     0	    1.0377	    1.0377	      0.66	         0	         0
   129	     0	   1.01472	   1.01472	  0.630249	         0	         0
   130	     0	   1.03584	   1.03584	  0.656333	         0	         0
   131	     0	   1.03193	   1.03193	      0.66	         0	         0
   132	     0	   1.02086	   1.02086	      0.66	         0	         0
   133	     0	   1.05409	   1.05409	  0.617396	         0	         0
   134	     0	    1.0185	    1.0185	      0.66	         0	         0
   135	     0	   1.05157	   1.05157	      0.66	         0	         0
   136	     0	     1.044	     1.044	      0.66	         0	         0
   137	     0	   1.03483	   1.03483	  0.632799	         0	         0
   138	     0	    1.0197	    1.0197	      0.66	         0	         0
   139	     0	   1.02086	   1.02086	      0.66	         0	         0
   140	     0	   1.02649	   1.02649	      0.66	         0	         0
   141	     0	   1.04899	   1.04899	  0.621407	         0	         0
   142	     0	     1.066	     1.066	  0.646604	         0	         0
   143	     0	   1.04253	   1.04253	  0.656201	         0	         0
   144	     0	   1.01787	   1.01787	  0.659938	         0	         0
   145	     0	   1.04613	   1.04613	      0.66	         0	         0
   146	     0	   1.01357	   1.01357	      0.66	         0	         0
   147	     0	   1.02285	   1.02285	  0.638475	         0	         0
   148	     0	   1.06412	   1.06412	  0.603085	         0	         0
   149	     0	   1.01501	   1.01501	  0.549205	         0	         0
   150	     0	   1.04098	   1.04098	      0.66	         0	         0
   151	     0	   1.02285	   1.02285	  0.638475	         0	         0
   152	     0	   1.05384	   1.05384	      0.66	         0	         0
   153	     0	   1.02983	   1.02983	      0.66	         0	         0
   154	     0	   1.04828	   1.04828	  0.653346	         0	         0
   155	     0	   1.03323	   1.03323	  0.610651	         0	         0
   156	     0	   1.04447	   1.04447	  0.646962	         0	         0
   157	     0	   1.04259	   1.04259	      0.66	         0	         0
   158	     0	   1.03878	   1.03878	      0.66	         0	         0
   159	     0	   1.02285	   1.02285	  0.638475	         0	         0
   160	     0	    1.0407	    1.0407	  0.618679	         0	         0
   161	     0	   1.02086	   1.02086	      0.66	         0	         0
   162	     0	   1.05141	   1.05141	  0.642626	         0	         0
   163	     0	   1.05291	   1.05291	      0.66	         0	         0
   164	     0	   1.03462	   1.03462	      0.66	         0	         0
   165	     0	    1.0185	    1.0185	      0.66	         0	         0
   166	     0	   1.05291	   1.05291	      0.66	         0	         0
   167	     0	   1.03218	   1.03218	      0.66	         0	         0
   168	     0	   1.02506	   1.02506	      0.66	         0	         0
   169	     0	   1.01357	   1.01357	      0.66	         0	         0
   170	     0	   1.04293	   1.04293	      0.66	         0	         0
   171	     0	    1.0302	    1.0302	      0.66	         0	         0
   172	     0	   1.03873	   1.03873	      0.66	         0	         0
   173	     0	   1.03878	   1.03878	      0.66	         0	         0
   174	     0	   1.02285	   1.02285	  0.638475	         0	         0
   175	     0	   1.04024	   1.04024	  0.648943	         0	         0
   176	     0	   1.04388	   1.04388	  0.610884	         0	         0
   177	     0	    1.0382	    1.0382	  0.643979	         0	         0
   178	     0	   1.01357	   1.01357	      0.66	         0	         0
   179	     0	   1.06412	   1.06412	  0.603085	         0	         0
   180	     0	    1.0185	    1.0185	      0.66	         0	         0
   181	     0	   1.03878	   1.03878	      0.66	         0	         0
   182	     0	   1.03584	   1.03584	  0.656333	         0	         0
   183	     0	   1.04259	   1.04259	      0.66	         0	         0
   184	     0	   1.02828	   1.02828	  0.601675	         0	         0
   185	     0	   1.02112	   1.02112	   0.63305	         0	         0
   186	     0	   1.03719	   1.03719	  0.641381	         0	         0
   187	     0	   1.03442	   1.03442	  0.648412	         0	         0
   188	     0	   1.05622	   1.05622	  0.656609	         0	         0
   189	     0	    1.0442	    1.0442	      0.66	         0	         0
   190	     0	    1.0391	    1.0391	      0.66	         0	         0
   191	     0	   1.02805	   1.02805	      0.66	         0	         0
   192	     0	   1.05291	   1.05291	      0.66	         0	         0
   193	     0	   1.02663	   1.02663	   0.65183	         0	         0
   194	     0	   1.03217	   1.03217	  0.598965	         0	         0
   195	     0	   1.04088	   1.04088	  0.634202	         0	         0
   196	     0	   1.05056	   1.05056	      0.66	         0	         0
   197	     0	   1.01472	   1.01472	  0.630249	         0	         0
   198	     0	   1.02264	   1.02264	  0.654332	         0	         0
   199	     0	   1.01357	   1.01357	      0.66	         0	         0
   200	     0	    1.0302	    1.0302	      0.66	         0	         0
   201	     0	   1.03652	   1.03652	   0.62236	         0	         0
   202	     0	   1.04075	   1.04075	      0.66	         0	         0
   203	     0	   1.02086	   1.02086	      0.66	         0	         0
   204	     0	   1.03719	   1.03719	  0.641381	         0	         0
   205	     0	    1.0185	    1.0185	      0.66	         0	         0
   206	     0	   1.05024	   1.05024	      0.66	         0	         0
   207	     0	    1.0348	    1.0348	  0.647855	         0	         0
   208	     0	   1.01501	   1.01501	  0.549205	         0	         0
   209	     0	   1.04826	   1.04826	  0.605911	         0	         0
   210	     0	   1.04515	   1.04515	      0.66	         0	         0
   211	     0	   1.04922	   1.04922	  0.645156	         0	         0
   212	     0	   1.03224	   1.03224	      0.66	         0	         0
   213	     0	    1.0715	    1.0715	  0.564456	         0	         0
   214	     0	   1.03324	   1.03324	  0.652549	         0	         0
   215	     0	   1.03884	   1.03884	      0.66	         0	         0
   216	     0	   1.02731	   1.02731	      0.66	         0	         0
   217	     0	   1.04013	   1.04013	      0.66	         0	         0
   218	     0	   1.01194	   1.01194	  0.645076	         0	         0
   219	     0	     1.029	     1.029	   0.61823	         0	         0
   220	     0	   1.02106	   1.02106	  0.633774	         0	         0
   221	     0	   1.06462	   1.06462	  0.621106	         0	         0
   222	     0	   1.03061	   1.03061	      0.66	         0	         0
   223	     0	    1.0564	    1.0564	  0.657338	         0	         0
   224	     0	   1.02535	   1.02535	      0.66	         0	         0
   225	     0	    1.0286	    1.0286	  0.655817	         0	         0
   226	     0	   1.02785	   1.02785	  0.609211	         0	         0
   227	     0	   1.03462	   1.03462	      0.66	         0	         0
   228	     0	   1.01357	   1.01357	      0.66	         0	         0
   229	     0	   1.03179	   1.03179	   0.62229	         0	         0
   230	     0	   1.02307	   1.02307	  0.659341	         0	         0
   231	     0	   1.03719	   1.03719	  0.641381	         0	         0
   232	     0	    1.0185	    1.0185	      0.66	         0	         0
   233	     0	   1.05409	   1.05409	  0.617396	         0	         0
   234	     0	   1.02766	   1.02766	   0.65851	         0	         0
   235	     0	   1.03451	   1.03451	      0.66	         0	         0
   236	     0	   1.03136	   1.03136	  0.642809	         0	         0
   237	     0	   1.04802	   1.04802	  0.637576	         0	         0
   238	     0	    1.0164	    1.0164	   0.60716	         0	         0
   239	     0	   1.03997	   1.03997	  0.657318	         0	         0
   240	     0	   1.04188	   1.04188	      0.66	         0	         0
   241	     0	    1.0185	    1.0185	      0.66	         0	         0
   242	     0	   1.01194	   1.01194	  0.645076	         0	         0
   243	     0	   1.06412	   1.06412	  0.603085	         0	         0
   244	     0	   1.02506	   1.02506	      0.66	         0	         0
   245	     0	   1.02285	   1.02285	  0.638475	         0	         0
   246	     0	   1.02892	   1.02892	      0.66	         0	         0
   247	     0	   1.02975	   1.02975	      0.66	         0	         0
   248	     0	   1.04121	   1.04121	      0.66	         0	         0
   249	     0	   1.03068	   1.03068	      0.66	         0	         0
   250	     0	   1.01194	   1.01194	  0.645076	         0	         0
   251	     0	   1.01076	   1.01076	      0.66	         0	         0
   252	     0	   1.02565	   1.02565	   0.65506	         0	         0
   253	     0	    1.0377	    1.0377	      0.66	         0	         0
   254	     0	   1.02535	   1.02535	      0.66	         0	         0
   255	     0	   1.02794	   1.02794	   0.64326	         0	         0
   256	     0	     1.066	     1.066	  0.646604	         0	         0
   257	     0	   1.03068	   1.03068	      0.66	         0	         0
   258	     0	   1.01357	   1.01357	      0.66	         0	         0
   259	     0	   1.02855	   1.02855	      0.66	         0	         0
   260	     0	   1.05282	   1.05282	      0.66	         0	         0
   261	     0	     1.044	     1.044	      0.66	         0	         0
   262	     0	   1.05282	   1.05282	      0.66	         0	         0
   263	     0	    1.0391	    1.0391	      0.66	         0	         0
   264	     0	   1.03218	   1.03218	      0.66	         0	         0
   265	     0	   1.03218	   1.03218	      0.66	         0	         0
   266	     0	   1.04494	   1.04494	      0.66	         0	         0
   267	     0	     1.066	     1.066	  0.646604	         0	         0
   268	     0	   1.02872	   1.02872	      0.66	         0	         0
   269	     0	   1.04026	   1.04026	  0.631061	         0	         0
   270	     0	   1.03462	   1.03462	      0.66	         0	         0
   271	     0	   1.03309	   1.03309	      0.66	         0	         0
   272	     0	    1.0377	    1.0377	      0.66	         0	         0
   273	     0	   1.04168	   1.04168	  0.655806	         0	         0
   274	     0	   1.04253	   1.04253	  0.656201	         0	         0
   275	     0	   1.01194	   1.01194	  0.645076	         0	         0
   276	     0	   1.03442	   1.03442	  0.648412	         0	         0
   277	     0	   1.03223	   1.03223	      0.66	         0	         0
   278	     0	   1.03462	   1.03462	      0.66	         0	         0
   279	     0	   1.02493	   1.02493	  0.640651	         0	         0
   280	     0	   1.03462	   1.03462	      0.66	         0	         0
   281	     0	   1.02409	   1.02409	      0.66	         0	         0
   282	     0	   1.01874	   1.01874	      0.66	         0	         0
   283	     0	   1.03309	   1.03309	      0.66	         0	         0
   284	     0	     1.066	     1.066	  0.646604	         0	         0
   285	     0	   1.02498	   1.02498	      0.66	         0	         0
   286	     0	   1.03003	   1.03003	      0.66	         0	         0
   287	     0	   1.06462	   1.06462	  0.621106	         0	         0
   288	     0	   1.03331	   1.03331	      0.66	         0	         0
   289	     0	   1.06283	   1.06283	  0.611807	         0	         0
   290	     0	   1.03432	   1.03432	  0.636992	         0	         0
   291	     0	   1.05291	   1.05291	      0.66	         0	         0
   292	     0	   1.03661	   1.03661	      0.66	         0	         0
   293	     0	    1.0452	    1.0452	  0.655206	         0	         0
   294	     0	   1.03068	   1.03068	      0.66	         0	         0
   295	     0	   1.03949	   1.03949	  0.658488	         0	         0
   296	     0	   1.02723	   1.02723	      0.66	         0	         0
   297	     0	   1.05426	   1.05426	      0.66	         0	         0
   298	     0	   1.03617	   1.03617	   0.65123	         0	         0
   299	     0	   1.05282	   1.05282	      0.66	         0	         0
   300	     0	    1.0185	    1.0185	      0.66	         0	         0
   301	     0	   1.03309	   1.03309	      0.66	         0	         0
   302	     0	   1.01847	   1.01847	  0.584708	         0	         0
   303	     0	   1.03708	   1.03708	   0.65174	         0	         0
   304	     0	   1.02805	   1.02805	      0.66	         0	         0
   305	     0	    1.0292	    1.0292	      0.66	         0	         0
   306	     0	   1.04506	   1.04506	      0.66	         0	         0
   307	     0	    1.0185	    1.0185	      0.66	         0	         0
   308	     0	   1.02541	   1.02541	      0.66	         0	         0
   309	     0	   1.03889	   1.03889	   0.61174	         0	         0
   310	     0	   1.05409	   1.05409	  0.617396	         0	         0
   311	     0	   1.04363	   1.04363	      0.66	         0	         0
   312	     0	   1.06283	   1.06283	  0.611807	         0	         0
   313	     0	   1.05291	   1.05291	      0.66	         0	         0
   314	     0	   1.03316	   1.03316	      0.66	         0	         0
   315	     0	   1.06303	   1.06303	      0.66	         0	         0
   316	     0	   1.02086	   1.02086	      0.66	         0	         0
   317	     0	   1.04258	   1.04258	  0.553239	         0	         0
   318	     0	   1.01501	   1.01501	  0.549205	         0	         0
   319	     0	   1.02112	   1.02112	   0.63305	         0	         0
   320	     0	   1.02067	   1.02067	      0.66	         0	         0
   321	     0	   1.01677	   1.01677	      0.66	         0	         0
   322	     0	   1.03889	   1.03889	   0.61174	         0	         0
   323	     0	   1.05336	   1.05336	  0.659994	         0	         0
   324	     0	   1.03224	   1.03224	      0.66	         0	         0
   325	     0	   1.03565	   1.03565	      0.66	         0	         0
   326	     0	   1.01474	   1.01474	  0.649973	         0	         0
   327	     0	   1.01522	   1.01522	      0.66	         0	         0
   328	     0	   1.04715	   1.04715	  0.636703	         0	         0
   329	     0	    1.0185	    1.0185	      0.66	         0	         0
   330	     0	   1.03284	   1.03284	  0.655218	         0	         0
   331	     0	   1.02327	   1.02327	  0.645014	         0	         0
   332	     0	   1.03155	   1.03155	      0.66	         0	         0
   333	     0	    1.0185	    1.0185	      0.66	         0	         0
   334	     0	   1.05712	   1.05712	  0.636815	         0	         0
   335	     0	   1.04075	   1.04075	      0.66	         0	         0
   336	     0	   1.01862	   1.01862	      0.66	         0	         0
   337	     0	   1.02413	   1.02413	  0.651791	         0	         0
   338	     0	    1.0088	    1.0088	      0.66	         0	         0
   339	     0	   1.02201	   1.02201	  0.659693	         0	         0
   340	     0	   1.03647	   1.03647	  0.577331	         0	         0
   341	     0	   1.03306	   1.03306	      0.66	         0	         0
   342	     0	   1.05039	   1.05039	  0.601337	         0	         0
   343	     0	   1.04494	   1.04494	      0.66	         0	         0
   344	     0	   1.02736	   1.02736	   0.63764	         0	         0
   345	     0	   1.03068	   1.03068	      0.66	         0	         0
   346	     0	   1.05031	   1.05031	  0.641209	         0	         0
   347	     0	   1.02535	   1.02535	      0.66	         0	         0
   348	     0	   1.02285	   1.02285	  0.638475	         0	         0
   349	     0	   1.03155	   1.03155	      0.66	         0	         0
   350	     0	   1.01357	   1.01357	      0.66	         0	         0
   351	     0	   1.02086	   1.02086	      0.66	         0	         0
   352	     0	   1.04447	   1.04447	  0.646962	         0	         0
   353	     0	   1.01357	   1.01357	      0.66	         0	         0
   354	     0	   1.02983	   1.02983	      0.66	         0	         0
   355	     0	   1.01194	   1.01194	  0.645076	         0	         0
   356	     0	    1.0564	    1.0564	  0.657338	         0	         0
   357	     0	   1.03584	   1.03584	  0.656333	         0	         0
   358	     0	   1.04075	   1.04075	      0.66	         0	         0
   359	     0	   1.03156	   1.03156	      0.66	         0	         0
   360	     0	   1.06303	   1.06303	      0.66	         0	         0
   361	     0	   1.02601	   1.02601	      0.66	         0	         0
   362	     0	    1.0185	    1.0185	      0.66	         0	         0
   363	     0	   1.03179	   1.03179	   0.62229	         0	         0
   364	     0	   1.02535	   1.02535	      0.66	         0	         0
   365	     0	   1.05282	   1.05282	      0.66	         0	         0
   366	     0	   1.04049	   1.04049	      0.66	         0	         0
   367	     0	   1.06411	   1.06411	  0.550805	         0	         0
   368	     0	   1.04947	   1.04947	      0.66	         0	         0
   369	     0	   1.02178	   1.02178	    0.6541	         0	         0
   370	     0	   1.02431	   1.02431	      0.66	         0	         0
   371	     0	   1.02786	   1.02786	  0.650622	         0	         0
   372	     0	    1.0185	    1.0185	      0.66	         0	         0
   373	     0	   1.03324	   1.03324	  0.652549	         0	         0
   374	     0	   1.02473	   1.02473	      0.66	         0	         0
   375	     0	   1.03324	   1.03324	  0.652549	         0	         0
   376	     0	   1.05441	   1.05441	  0.638663	         0	         0
   377	     0	   1.04262	   1.04262	      0.66	         0	         0
   378	     0	   1.03224	   1.03224	      0.66	         0	         0
   379	     0	   1.02086	   1.02086	      0.66	         0	         0
   380	     0	   1.02285	   1.02285	  0.638475	         0	         0
   381	     0	   1.03462	   1.03462	      0.66	         0	         0
   382	     0	   1.06303	   1.06303	      0.66	         0	         0
   383	     0	    1.0377	    1.0377	      0.66	         0	         0
   384	     0	   1.03515	   1.03515	  0.643902	         0	         0
   385	     0	   1.02694	   1.02694	  0.650315	         0	         0
   386	     0	    1.0411	    1.0411	      0.66	         0	         0
   387	     0	   1.05004	   1.05004	  0.640928	         0	         0
   388	     0	   1.03792	   1.03792	  0.629672	         0	         0
   389	     0	    1.0185	    1.0185	      0.66	         0	         0
   390	     0	     1.043	     1.043	      0.66	         0	         0
   391	     0	   1.04075	   1.04075	      0.66	         0	         0
   392	     0	   1.04396	   1.04396	   0.64418	         0	         0
   393	     0	   1.06412	   1.06412	  0.603085	         0	         0
   394	     0	   1.03068	   1.03068	      0.66	         0	         0
   395	     0	   1.03316	   1.03316	      0.66	         0	         0
   396	     0	   1.05119	   1.05119	   0.61096	         0	         0
   397	     0	   1.02866	   1.02866	      0.66	         0	         0
   398	     0	   1.04447	   1.04447	  0.646962	         0	         0
   399	     0	    1.0347	    1.0347	      0.66	         0	         0
   400	     0	   1.02002	   1.02002	  0.657304	         0	         0
   401	     0	   1.03432	   1.03432	  0.636992	         0	         0
   402	     0	   1.02516	   1.02516	  0.612361	         0	         0
   403	     0	   1.02601	   1.02601	      0.66	         0	         0
   404	     0	   1.04197	   1.04197	  0.551818	         0	         0
   405	     0	   1.04075	   1.04075	      0.66	         0	         0
   406	     0	   1.03275	   1.03275	  0.650136	         0	         0
   407	     0	   1.03332	   1.03332	      0.66	         0	         0
   408	     0	   1.04374	   1.04374	  0.628745	         0	         0
   409	     0	   1.01357	   1.01357	      0.66	         0	         0
   410	     0	   1.02086	   1.02086	      0.66	         0	         0
   411	     0	   1.06303	   1.06303	      0.66	         0	         0
   412	     0	   1.05031	   1.05031	  0.641209	         0	         0
   413	     0	   1.04024	   1.04024	  0.648943	         0	         0
   414	     0	   1.05031	   1.05031	  0.641209	         0	         0
   415	     0	   1.03464	   1.03464	      0.66	         0	         0
   416	     0	   1.03917	   1.03917	  0.626196	         0	         0
   417	     0	    1.0302	    1.0302	      0.66	         0	         0
   418	     0	   1.02983	   1.02983	      0.66	         0	         0
   419	     0	   1.03462	   1.03462	      0.66	         0	         0
   420	     0	   1.02786	   1.02786	  0.650622	         0	         0
   421	     0	   1.02728	   1.02728	  0.645939	         0	         0
   422	     0	   1.02728	   1.02728	  0.645939	         0	         0
   423	     0	   1.03165	   1.03165	  0.616818	         0	         0
   424	     0	   1.03889	   1.03889	   0.61174	         0	         0
   425	     0	   1.02498	   1.02498	      0.66	         0	         0
   426	     0	   1.04433	   1.04433	  0.498599	         0	         0
   427	     0	   1.01932	   1.01932	      0.66	         0	         0
   428	     0	   1.03584	   1.03584	  0.656333	         0	         0
   429	     0	   1.03584	   1.03584	  0.656333	         0	         0
   430	     0	   1.02535	   1.02535	      0.66	         0	         0
   431	     0	   1.03586	   1.03586	  0.643743	         0	         0
   432	     0	   1.01357	   1.01357	      0.66	         0	         0
   433	     0	   1.04253	   1.04253	  0.656201	         0	         0
   434	     0	   1.03363	   1.03363	      0.66	         0	         0
   435	     0	   1.03467	   1.03467	      0.66	         0	         0
   436	     0	   1.03284	   1.03284	  0.655218	         0	         0
   437	     0	   1.03254	   1.03254	      0.66	         0	         0
   438	     0	   1.05282	   1.05282	      0.66	         0	         0
   439	     0	   1.02261	   1.02261	      0.66	         0	         0
   440	     0	   1.02311	   1.02311	   0.65871	         0	         0
   441	     0	   1.03739	   1.03739	  0.658584	         0	         0
   442	     0	   1.02086	   1.02086	      0.66	         0	         0
   443	     0	   1.01788	   1.01788	      0.66	         0	         0
   444	     0	   1.06412	   1.06412	  0.603085	         0	         0
   445	     0	    1.0185	    1.0185	      0.66	         0	         0
   446	     0	   1.03708	   1.03708	   0.65174	         0	         0
   447	     0	   1.03807	   1.03807	      0.66	         0	         0
   448	     0	   1.04904	   1.04904	  0.657878	         0	         0
   449	     0	   1.04024	   1.04024	  0.648943	         0	         0
   450	     0	   1.04262	   1.04262	      0.66	         0	         0
   451	     0	   1.03309	   1.03309	      0.66	         0	         0
   452	     0	   1.07132	   1.07132	  0.637474	         0	         0
   453	     0	   1.04409	   1.04409	  0.641575	         0	         0
   454	     0	   1.06529	   1.06529	  0.601243	         0	         0
   455	     0	    1.0377	    1.0377	      0.66	         0	         0
   456	     0	   1.04135	   1.04135	      0.66	         0	         0
   457	     0	   1.03878	   1.03878	      0.66	         0	         0
   458	     0	   1.03451	   1.03451	      0.66	         0	         0
   459	     0	   1.04056	   1.04056	  0.657494	         0	         0
   460	     0	   1.02815	   1.02815	      0.66	         0	         0
   461	     0	   1.03316	   1.03316	      0.66	         0	         0
   462	     0	   1.02445	   1.02445	      0.66	         0	         0
   463	     0	   1.01357	   1.01357	      0.66	         0	         0
   464	     0	    1.0512	    1.0512	      0.66	         0	         0
   465	     0	   1.05004	   1.05004	  0.640928	         0	         0
   466	     0	   1.03614	   1.03614	  0.645129	         0	         0
   467	     0	   1.03652	   1.03652	   0.62236	         0	         0
   468	     0	   1.03917	   1.03917	  0.626196	         0	         0
   469	     0	   1.03284	   1.03284	  0.655218	         0	         0
   470	     0	     1.066	     1.066	  0.646604	         0	         0
   471	     0	   1.02292	   1.02292	  0.659415	         0	         0
   472	     0	   1.02587	   1.02587	      0.66	         0	         0
   473	     0	   1.04642	   1.04642	      0.66	         0	         0
   474	     0	   1.03737	   1.03737	  0.639282	         0	         0
   475	     0	   1.03068	   1.03068	      0.66	         0	         0
   476	     0	   1.04446	   1.04446	  0.650394	         0	         0
   477	     0	   1.03316	   1.03316	      0.66	         0	         0
   478	     0	   1.01535	   1.01535	      0.66	         0	         0
   479	     0	   1.05736	   1.05736	      0.66	         0	         0
   480	     0	    1.0608	    1.0608	      0.66	         0	         0
   481	     0	   1.06412	   1.06412	  0.603085	         0	         0
   482	     0	   1.01194	   1.01194	  0.645076	         0	         0
   483	     0	   1.06412	   1.06412	  0.603085	         0	         0
   484	     0	   1.03101	   1.03101	      0.66	         0	         0
   485	     0	   1.03068	   1.03068	      0.66	         0	         0
   486	     0	   1.04293	   1.04293	      0.66	         0	         0
   487	     0	   1.04527	   1.04527	      0.66	         0	         0
   488	     0	   1.05736	   1.05736	      0.66	         0	         0
   489	     0	   1.04536	   1.04536	  0.565096	         0	         0
   490	     0	   1.03021	   1.03021	      0.66	         0	         0
   491	     0	   1.03878	   1.03878	      0.66	         0	         0
   492	     0	   1.01357	   1.01357	      0.66	         0	         0
   493	     0	   1.07132	   1.07132	  0.637474	         0	         0
   494	     0	   1.03155	   1.03155	      0.66	         0	         0
   495	     0	   1.02445	   1.02445	      0.66	         0	         0
   496	     0	   1.02535	   1.02535	      0.66	         0	         0
   497	     0	    1.0185	    1.0185	      0.66	         0	         0
   498	     0	    1.0185	    1.0185	      0.66	         0	         0
   499	     0	   1.01535	   1.01535	      0.66	         0	         0
   500	     0	   1.05736	   1.05736	      0.66	         0	         0
   501	     0	    1.0185	    1.0185	      0.66	         0	         0
   502	     0	   1.03462	   1.03462	      0.66	         0	         0
   503	     0	   1.02086	   1.02086	      0.66	         0	         0
   504	     0	   1.03935	   1.03935	      0.66	         0	         0
   505	     0	   1.01194	   1.01194	  0.645076	         0	         0
   506	     0	   1.03198	   1.03198	  0.559351	         0	         0
   507	     0	   1.02986	   1.02986	  0.558666	         0	         0
   508	     0	   1.03983	   1.03983	      0.66	         0	         0
   509	     0	   1.01357	   1.01357	      0.66	         0	         0
   510	     0	   1.01847	   1.01847	  0.584708	         0	         0
   511	     0	   1.02009	   1.02009	      0.66	         0	         0
   512	     0	   1.02086	   1.02086	      0.66	         0	         0
   513	     0	     1.066	     1.066	  0.646604	         0	         0
   514	     0	   1.02417	   1.02417	  0.606572	         0	         0
   515	     0	   1.02471	   1.02471	      0.66	         0	         0
   516	     0	   1.05663	   1.05663	      0.66	         0	         0
   517	     0	   1.05282	   1.05282	      0.66	         0	         0
   518	     0	   1.05336	   1.05336	  0.659994	         0	         0
   519	     0	    1.0238	    1.0238	  0.582377	         0	         0
   520	     0	   1.05282	   1.05282	      0.66	         0	         0
   521	     0	   1.06303	   1.06303	      0.66	         0	         0
   522	     0	    1.0377	    1.0377	      0.66	         0	         0
   523	     0	   1.04075	   1.04075	      0.66	         0	         0
   524	     0	   1.03068	   1.03068	      0.66	         0	         0
   525	     0	   1.02285	   1.02285	  0.638475	         0	         0
   526	     0	   1.02504	   1.02504	      0.66	         0	         0
   527	     0	   1.01746	   1.01746	  0.652915	         0	         0
   528	     0	   1.02424	   1.02424	  0.655512	         0	         0
   529	     0	   1.01847	   1.01847	  0.584708	         0	         0
   530	     0	   1.01357	   1.01357	      0.66	         0	         0
   531	     0	   1.02766	   1.02766	   0.65851	         0	         0
   532	     0	   1.04311	   1.04311	  0.656307	         0	         0
   533	     0	     1.066	     1.066	  0.646604	         0	         0
   534	     0	   1.03481	   1.03481	      0.66	         0	         0
   535	     0	   1.03462	   1.03462	      0.66	         0	         0
   536	     0	   1.02086	   1.02086	      0.66	         0	         0
   537	     0	   1.02413	   1.02413	      0.66	         0	         0
   538	     0	   1.04333	   1.04333	  0.616786	         0	         0
   539	     0	   1.01357	   1.01357	      0.66	         0	         0
   540	     0	   1.02649	   1.02649	      0.66	         0	         0
   541	     0	   1.03284	   1.03284	  0.655218	         0	         0
   542	     0	   1.06412	   1.06412	  0.603085	         0	         0
   543	     0	   1.03481	   1.03481	      0.66	         0	         0
   544	     0	   1.02535	   1.02535	      0.66	         0	         0
   545	     0	    1.0377	    1.0377	      0.66	         0	         0
   546	     0	   1.02205	   1.02205	  0.640431	         0	         0
   547	     0	   1.02835	   1.02835	      0.66	         0	         0
   548	     0	   1.02312	   1.02312	   0.63767	         0	         0
   549	     0	   1.02469	   1.02469	      0.66	         0	         0
   550	     0	   1.03447	   1.03447	   0.63997	         0	         0
   551	     0	   1.05282	   1.05282	      0.66	         0	         0
   552	     0	   1.01501	   1.01501	  0.549205	         0	         0
   553	     0	   1.03399	   1.03399	      0.66	         0	         0
   554	     0	   1.03068	   1.03068	      0.66	         0	         0
   555	     0	    1.0185	    1.0185	      0.66	         0	         0
   556	     0	   1.03432	   1.03432	  0.636992	         0	         0
   557	     0	    1.0412	    1.0412	      0.66	         0	         0
   558	     0	   1.01357	   1.01357	      0.66	         0	         0
   559	     0	   1.02184	   1.02184	  0.642509	         0	         0
   560	     0	   1.03094	   1.03094	   0.60298	         0	         0
   561	     0	   1.03878	   1.03878	      0.66	         0	         0
   562	     0	   1.04026	   1.04026	  0.631061	         0	         0
   563	     0	    1.0197	    1.0197	      0.66	         0	         0
   564	     0	    1.0273	    1.0273	      0.66	         0	         0
   565	     0	   1.02593	   1.02593	      0.66	         0	         0
   566	     0	   1.03316	   1.03316	      0.66	         0	         0
   567	     0	    1.0377	    1.0377	      0.66	         0	         0
   568	     0	   1.02855	   1.02855	      0.66	         0	         0
   569	     0	   1.03504	   1.03504	      0.66	         0	         0
   570	     0	   1.03457	   1.03457	  0.654361	         0	         0
   571	     0	   1.03211	   1.03211	  0.562521	         0	         0
   572	     0	   1.01968	   1.01968	      0.66	         0	         0
   573	     0	   1.01194	   1.01194	  0.645076	         0	         0
   574	     0	   1.04502	   1.04502	      0.66	         0	         0
   575	     0	    1.0185	    1.0185	      0.66	         0	         0
   576	     0	   1.02181	   1.02181	  0.651753	         0	         0
   577	     0	   1.02587	   1.02587	      0.66	         0	         0
   578	     0	   1.01535	   1.01535	      0.66	         0	         0
   579	     0	   1.04551	   1.04551	      0.66	         0	         0
   580	     0	   1.03645	   1.03645	  0.659936	         0	         0
   581	     0	   1.06204	   1.06204	  0.593096	         0	         0
   582	     0	   1.03351	   1.03351	      0.66	         0	         0
   583	     0	   1.04515	   1.04515	      0.66	         0	         0
   584	     0	   1.03324	   1.03324	  0.652549	         0	         0
   585	     0	   1.02535	   1.02535	      0.66	         0	         0
   586	     0	    1.0197	    1.0197	      0.66	         0	         0
   587	     0	   1.02966	   1.02966	  0.626046	         0	         0
   588	     0	   1.07132	   1.07132	  0.637474	         0	         0
   589	     0	   1.04345	   1.04345	      0.66	         0	         0
   590	     0	   1.03068	   1.03068	      0.66	         0	         0
   591	     0	   1.05736	   1.05736	      0.66	         0	         0
   592	     0	   1.03309	   1.03309	      0.66	         0	         0
   593	     0	   1.05003	   1.05003	      0.66	         0	         0
   594	     0	   1.02535	   1.02535	      0.66	         0	         0
   595	     0	   1.03004	   1.03004	  0.657905	         0	         0
   596	     0	   1.05282	   1.05282	      0.66	         0	         0
   597	     0	   1.03905	   1.03905	      0.66	         0	         0
   598	     0	   1.02535	   1.02535	      0.66	         0	         0
   599	     0	   1.03022	   1.03022	      0.66	         0	         0
   600	     0	   1.05164	   1.05164	      0.66	         0	         0
   601	     0	   1.02766	   1.02766	   0.65851	         0	         0
   602	     0	   1.02285	   1.02285	  0.638475	         0	         0
   603	     0	   1.03737	   1.03737	  0.639282	         0	         0
   604	     0	   1.06412	   1.06412	  0.603085	         0	         0
   605	     0	   1.04809	   1.04809	      0.66	         0	         0
   606	     0	   1.06303	   1.06303	      0.66	         0	         0
   607	     0	   1.01501	   1.01501	  0.549205	         0	         0
   608	     0	    1.0185	    1.0185	      0.66	         0	         0
   609	     0	    1.0381	    1.0381	      0.66	         0	         0
   610	     0	   1.05712	   1.05712	  0.636815	         0	         0
   611	     0	   1.02124	   1.02124	      0.66	         0	         0
   612	     0	   1.03324	   1.03324	  0.652549	         0	         0
   613	     0	   1.04075	   1.04075	      0.66	         0	         0
   614	     0	   1.04357	   1.04357	  0.654362	         0	         0
   615	     0	   1.02932	   1.02932	      0.66	         0	         0
   616	     0	   1.03462	   1.03462	      0.66	         0	         0
   617	     0	   1.02518	   1.02518	  0.656012	         0	         0
   618	     0	   1.02459	   1.02459	  0.648313	         0	         0
   619	     0	   1.03255	   1.03255	  0.558987	         0	         0
   620	     0	   1.01501	   1.01501	  0.549205	         0	         0
   621	     0	   1.03576	   1.03576	      0.66	         0	         0
   622	     0	    1.0273	    1.0273	      0.66	         0	         0
   623	     0	    1.0185	    1.0185	      0.66	         0	         0
   624	     0	   1.03655	   1.03655	      0.66	         0	         0
   625	     0	   1.01194	   1.01194	  0.645076	         0	         0
   626	     0	   1.05522	   1.05522	  0.647407	         0	         0
   627	     0	   1.03371	   1.03371	  0.659692	         0	         0
   628	     0	   1.02106	   1.02106	  0.633774	         0	         0
   629	     0	    1.0185	    1.0185	      0.66	         0	         0
   630	     0	   1.03978	   1.03978	      0.66	         0	         0
   631	     0	   1.01522	   1.01522	      0.66	         0	         0
   632	     0	   1.03115	   1.03115	  0.655887	         0	         0
   633	     0	   1.03917	   1.03917	  0.626196	         0	         0
   634	     0	   1.05164	   1.05164	      0.66	         0	         0
   635	     0	   1.03584	   1.03584	  0.656333	         0	         0
   636	     0	   1.01357	   1.01357	      0.66	         0	         0
   637	     0	   1.05409	   1.05409	  0.617396	         0	         0
   638	     0	   1.04925	   1.04925	      0.66	         0	         0
   639	     0	   1.01501	   1.01501	  0.549205	         0	         0
   640	     0	   1.04494	   1.04494	      0.66	         0	         0
   641	     0	   1.04884	   1.04884	  0.650736	         0	         0
   642	     0	   1.05164	   1.05164	      0.66	         0	         0
   643	     0	   1.04388	   1.04388	  0.610884	         0	         0
   644	     0	   1.02518	   1.02518	  0.656012	         0	         0
   645	     0	    1.0351	    1.0351	      0.66	         0	         0
   646	     0	   1.02601	   1.02601	      0.66	         0	         0
   647	     0	   1.01173	   1.01173	      0.66	         0	         0
   648	     0	    1.0357	    1.0357	      0.66	         0	         0
   649	     0	   1.02285	   1.02285	  0.638475	         0	         0
   650	     0	   1.03917	   1.03917	  0.626196	         0	         0
   651	     0	    1.0185	    1.0185	      0.66	         0	         0
   652	     0	   1.05282	   1.05282	      0.66	         0	         0
   653	     0	   1.04222	   1.04222	  0.617506	         0	         0
   654	     0	   1.04229	   1.04229	      0.66	         0	         0
   655	     0	   1.01194	   1.01194	  0.645076	         0	         0
   656	     0	   1.03295	   1.03295	  0.557847	         0	         0
   657	     0	   1.03376	   1.03376	      0.66	         0	         0
   658	     0	   1.02493	   1.02493	  0.640651	         0	         0
   659	     0	   1.02409	   1.02409	      0.66	         0	         0
   660	     0	   1.01357	   1.01357	      0.66	         0	         0
   661	     0	   1.05409	   1.05409	  0.617396	         0	         0
   662	     0	   1.01357	   1.01357	      0.66	         0	         0
   663	     0	   1.03653	   1.03653	      0.66	         0	         0
   664	     0	   1.05291	   1.05291	      0.66	         0	         0
   665	     0	   1.04188	   1.04188	      0.66	         0	         0
   666	     0	   1.05194	   1.05194	      0.66	         0	         0
   667	     0	   1.04405	   1.04405	  0.653182	         0	         0
   668	     0	   1.05325	   1.05325	      0.66	         0	         0
   669	     0	   1.04226	   1.04226	  0.657785	         0	         0
   670	     0	   1.05441	   1.05441	  0.638663	         0	         0
   671	     0	   1.04311	   1.04311	  0.656307	         0	         0
   672	     0	   1.03193	   1.03193	      0.66	         0	         0
   673	     0	   1.01357	   1.01357	      0.66	         0	         0
   674	     0	   1.03451	   1.03451	      0.66	         0	         0
   675	     0	   1.04494	   1.04494	      0.66	         0	         0
   676	     0	   1.05628	   1.05628	  0.653849	         0	         0
   677	     0	   1.05646	   1.05646	  0.562039	         0	         0
   678	     0	   1.03647	   1.03647	      0.66	         0	         0
   679	     0	   1.05091	   1.05091	  0.654919	         0	         0
   680	     0	   1.05441	   1.05441	  0.638663	         0	         0
   681	     0	   1.03309	   1.03309	      0.66	         0	         0
   682	     0	   1.05031	   1.05031	  0.641209	         0	         0
   683	     0	    1.0164	    1.0164	   0.60716	         0	         0
   684	     0	   1.02983	   1.02983	      0.66	         0	         0
   685	     0	   1.03462	   1.03462	      0.66	         0	         0
   686	     0	   1.02987	   1.02987	      0.66	         0	         0
   687	     0	   1.03309	   1.03309	      0.66	         0	         0
   688	     0	   1.04075	   1.04075	      0.66	         0	         0
   689	     0	   1.01903	   1.01903	  0.634271	         0	         0
   690	     0	   1.05736	   1.05736	      0.66	         0	         0
   691	     0	   1.04095	   1.04095	      0.66	         0	         0
   692	     0	   1.03309	   1.03309	      0.66	         0	         0
   693	     0	    1.0382	    1.0382	  0.643979	         0	         0
   694	     0	   1.02605	   1.02605	  0.654631	         0	         0
   695	     0	   1.02565	   1.02565	   0.65506	         0	         0
   696	     0	   1.03131	   1.03131	      0.66	         0	         0
   697	     0	   1.02285	   1.02285	  0.638475	         0	         0
   698	     0	   1.03948	   1.03948	  0.608099	         0	         0
   699	     0	   1.06542	   1.06542	  0.632498	         0	         0
   700	     0	   1.03424	   1.03424	  0.597664	         0	         0
   701	     0	   1.02585	   1.02585	      0.66	         0	         0
   702	     0	   1.01357	   1.01357	      0.66	         0	         0
   703	     0	   1.05164	   1.05164	      0.66	         0	         0
   704	     0	    1.0185	    1.0185	      0.66	         0	         0
   705	     0	   1.04494	   1.04494	      0.66	         0	         0
   706	     0	   1.06283	   1.06283	  0.611807	         0	         0
   707	     0	   1.04118	   1.04118	  0.651568	         0	         0
   708	     0	   1.03309	   1.03309	      0.66	         0	         0
   709	     0	   1.01357	   1.01357	      0.66	         0	         0
   710	     0	   1.01501	   1.01501	  0.549205	         0	         0
   711	     0	   1.02605	   1.02605	  0.654631	         0	         0
   712	     0	   1.03316	   1.03316	      0.66	         0	         0
   713	     0	   1.01194	   1.01194	  0.645076	         0	         0
   714	     0	   1.04103	   1.04103	      0.66	         0	         0
   715	     0	   1.01501	   1.01501	  0.549205	         0	         0
   716	     0	    1.0197	    1.0197	      0.66	         0	         0
   717	     0	   1.04168	   1.04168	  0.655806	         0	         0
   718	     0	    1.0432	    1.0432	  0.619676	         0	         0
   719	     0	   1.01357	   1.01357	      0.66	         0	         0
   720	     0	   1.01357	   1.01357	      0.66	         0	         0
   721	     0	   1.02493	   1.02493	  0.640651	         0	         0
   722	     0	   1.05282	   1.05282	      0.66	         0	         0
   723	     0	    1.0286	    1.0286	  0.655817	         0	         0
   724	     0	   1.01671	   1.01671	  0.587908	         0	         0
   725	     0	   1.05282	   1.05282	      0.66	         0	         0
   726	     0	   1.04447	   1.04447	  0.646962	         0	         0
   727	     0	   1.04904	   1.04904	  0.657878	         0	         0
   728	     0	   1.02285	   1.02285	  0.638475	         0	         0
   729	     0	   1.05245	   1.05245	  0.646715	         0	         0
   730	     0	   1.04809	   1.04809	      0.66	         0	         0
   731	     0	   1.02515	   1.02515	      0.66	         0	         0
   732	     0	   1.03442	   1.03442	  0.648412	         0	         0
   733	     0	    1.0377	    1.0377	      0.66	         0	         0
   734	     0	   1.05282	   1.05282	      0.66	         0	         0
   735	     0	   1.04188	   1.04188	      0.66	         0	         0
   736	     0	   1.06412	   1.06412	  0.603085	         0	         0
   737	     0	   1.02417	   1.02417	  0.606572	         0	         0
   738	     0	   1.01357	   1.01357	      0.66	         0	         0
   739	     0	   1.03584	   1.03584	  0.656333	         0	         0
   740	     0	   1.03316	   1.03316	      0.66	         0	         0
   741	     0	   1.01194	   1.01194	  0.645076	         0	         0
   742	     0	   1.01971	   1.01971	      0.66	         0	         0
   743	     0	   1.03399	   1.03399	      0.66	         0	         0
   744	     0	   1.01322	   1.01322	  0.635252	         0	         0
   745	     0	   1.04747	   1.04747	  0.646967	         0	         0
   746	     0	   1.04388	   1.04388	  0.610884	         0	         0
   747	     0	   1.03068	   1.03068	      0.66	         0	         0
   748	     0	   1.03652	   1.03652	   0.62236	         0	         0
   749	     0	   1.02123	   1.02123	      0.66	         0	         0
   750	     0	   1.03737	   1.03737	  0.639282	         0	         0
   751	     0	   1.02043	   1.02043	      0.66	         0	         0
   752	     0	   1.01472	   1.01472	  0.630249	         0	         0
   753	     0	   1.02413	   1.02413	  0.651791	         0	         0
   754	     0	   1.01535	   1.01535	      0.66	         0	         0
   755	     0	   1.02285	   1.02285	  0.638475	         0	         0
   756	     0	   1.01501	   1.01501	  0.549205	         0	         0
   757	     0	   1.02002	   1.02002	      0.66	         0	         0
   758	     0	   1.01986	   1.01986	  0.574434	         0	         0
   759	     0	   1.03068	   1.03068	      0.66	         0	         0
   760	     0	   1.03309	   1.03309	      0.66	         0	         0
   761	     0	   1.04768	   1.04768	      0.66	         0	         0
   762	     0	   1.01656	   1.01656	      0.66	         0	         0
   763	     0	   1.01194	   1.01194	  0.645076	         0	         0
   764	     0	   1.05291	   1.05291	      0.66	         0	         0
   765	     0	   1.06303	   1.06303	      0.66	         0	         0
   766	     0	   1.04499	   1.04499	      0.66	         0	         0
   767	     0	   1.04565	   1.04565	  0.619607	         0	         0
   768	     0	   1.02766	   1.02766	   0.65851	         0	         0
   769	     0	   1.06658	   1.06658	     0.555	         0	         0
   770	     0	   1.03284	   1.03284	  0.655218	         0	         0
   771	     0	   1.03719	   1.03719	  0.641381	         0	         0
   772	     0	   1.01357	   1.01357	      0.66	         0	         0
   773	     0	   1.03216	   1.03216	      0.66	         0	         0
   774	     0	   1.02436	   1.02436	      0.66	         0	         0
   775	     0	   1.04024	   1.04024	  0.648943	         0	         0
   776	     0	   1.02535	   1.02535	      0.66	         0	         0
   777	     0	   1.02185	   1.02185	      0.66	         0	         0
   778	     0	   1.02235	   1.02235	      0.66	         0	         0
   779	     0	   1.02471	   1.02471	      0.66	         0	         0
   780	     0	   1.03917	   1.03917	  0.626196	         0	         0
   781	     0	   1.04935	   1.04935	  0.645386	         0	         0
   782	     0	   1.02605	   1.02605	  0.654631	         0	         0
   783	     0	   1.02585	   1.02585	      0.66	         0	         0
   784	     0	   1.05441	   1.05441	  0.638663	         0	         0
   785	     0	   1.05282	   1.05282	      0.66	         0	         0
   786	     0	   1.03068	   1.03068	      0.66	         0	         0
   787	     0	   1.03068	   1.03068	      0.66	         0	         0
   788	     0	   1.03009	   1.03009	      0.66	         0	         0
   789	     0	   1.04499	   1.04499	      0.66	         0	         0
   790	     0	     1.066	     1.066	  0.646604	         0	         0
   791	     0	   1.04026	   1.04026	  0.631061	         0	         0
   792	     0	   1.03462	   1.03462	      0.66	         0	         0
   793	     0	   1.03889	   1.03889	   0.61174	         0	         0
   794	     0	   1.05291	   1.05291	      0.66	         0	         0
   795	     0	   1.03617	   1.03617	   0.65123	         0	         0
   796	     0	   1.03565	   1.03565	      0.66	         0	         0
   797	     0	   1.03719	   1.03719	      0.66	         0	         0
   798	     0	   1.02417	   1.02417	  0.606572	         0	         0
   799	     0	   1.04927	   1.04927	  0.627749	         0	         0
   800	     0	   1.03575	   1.03575	  0.656469	         0	         0
   801	     0	   1.03584	   1.03584	  0.656333	         0	         0
   802	     0	   1.03217	   1.03217	  0.598965	         0	         0
   803	     0	   1.02959	   1.02959	      0.66	         0	         0
   804	     0	   1.02983	   1.02983	      0.66	         0	         0
   805	     0	   1.06412	   1.06412	  0.603085	         0	         0
   806	     0	   1.04486	   1.04486	      0.66	         0	         0
   807	     0	   1.02481	   1.02481	      0.66	         0	         0
   808	     0	   1.04895	   1.04895	      0.66	         0	         0
   809	     0	    1.0185	    1.0185	      0.66	         0	         0
   810	     0	   1.03068	   1.03068	      0.66	         0	         0
   811	     0	   1.04253	   1.04253	  0.656201	         0	         0
   812	     0	    1.0164	    1.0164	   0.60716	         0	         0
   813	     0	   1.03568	   1.03568	      0.66	         0	         0
   814	     0	   1.05031	   1.05031	  0.641209	         0	         0
   815	     0	   1.04118	   1.04118	  0.651568	         0	         0
   816	     0	   1.03324	   1.03324	  0.652549	         0	         0
   817	     0	   1.03068	   1.03068	      0.66	         0	         0
   818	     0	   1.04828	   1.04828	  0.653346	         0	         0
   819	     0	   1.03217	   1.03217	  0.598965	         0	         0
   820	     0	     1.066	     1.066	  0.646604	         0	         0
   821	     0	   1.02565	   1.02565	   0.65506	         0	         0
   822	     0	   1.06283	   1.06283	  0.611807	         0	         0
   823	     0	     1.066	     1.066	  0.646604	         0	         0
   824	     0	   1.02086	   1.02086	      0.66	         0	         0
   825	     0	    1.0185	    1.0185	      0.66	         0	         0
   826	     0	   1.04237	   1.04237	  0.578896	         0	         0
   827	     0	   1.03472	   1.03472	      0.66	         0	         0
   828	     0	   1.01357	   1.01357	      0.66	         0	         0
   829	     0	   1.03068	   1.03068	      0.66	         0	         0
   830	     0	   1.02285	   1.02285	  0.638475	         0	         0
   831	     0	    1.0405	    1.0405	  0.582399	         0	         0
   832	     0	   1.01357	   1.01357	      0.66	         0	         0
   833	     0	   1.04413	   1.04413	      0.66	         0	         0
   834	     0	   1.04061	   1.04061	      0.66	         0	         0
   835	     0	   1.02535	   1.02535	      0.66	         0	         0
   836	     0	   1.01595	   1.01595	  0.652199	         0	         0
   837	     0	    1.0295	    1.0295	      0.66	         0	         0
   838	     0	    1.0262	    1.0262	      0.66	         0	         0
   839	     0	   1.06143	   1.06143	  0.595227	         0	         0
   840	     0	   1.02285	   1.02285	  0.638475	         0	         0
   841	     0	   1.03575	   1.03575	  0.656469	         0	         0
   842	     0	   1.04824	   1.04824	  0.646286	         0	         0
   843	     0	   1.04262	   1.04262	      0.66	         0	         0
   844	     0	   1.04809	   1.04809	      0.66	         0	         0
   845	     0	   1.03472	   1.03472	      0.66	         0	         0
   846	     0	   1.01194	   1.01194	  0.645076	         0	         0
   847	     0	   1.06412	   1.06412	  0.603085	         0	         0
   848	     0	   1.02516	   1.02516	  0.612361	         0	         0
   849	     0	   1.03087	   1.03087	      0.66	         0	         0
   850	     0	   1.02285	   1.02285	  0.638475	         0	         0
   851	     0	   1.04746	   1.04746	  0.625144	         0	         0
   852	     0	   1.02565	   1.02565	   0.65506	         0	         0
   853	     0	   1.02565	   1.02565	   0.65506	         0	         0
   854	     0	    1.0404	    1.0404	  0.589825	         0	         0
   855	     0	   1.05409	   1.05409	  0.617396	         0	         0
   856	     0	    1.0348	    1.0348	  0.647855	         0	         0
   857	     0	   1.02086	   1.02086	      0.66	         0	         0
   858	     0	   1.03978	   1.03978	      0.66	         0	         0
   859	     0	   1.02285	   1.02285	  0.638475	         0	         0
   860	     0	   1.04259	   1.04259	      0.66	         0	         0
   861	     0	   1.01194	   1.01194	  0.645076	         0	         0
   862	     0	   1.02493	   1.02493	  0.640651	         0	         0
   863	     0	   1.03462	   1.03462	      0.66	         0	         0
   864	     0	   1.03432	   1.03432	  0.636992	         0	         0
   865	     0	   1.07132	   1.07132	  0.637474	         0	         0
   866	     0	   1.02601	   1.02601	      0.66	         0	         0
   867	     0	   1.03324	   1.03324	  0.652549	         0	         0
   868	     0	   1.02649	   1.02649	      0.66	         0	         0
   869	     0	   1.02293	   1.02293	      0.66	         0	         0
   870	     0	   1.03617	   1.03617	   0.65123	         0	         0
   871	     0	    1.0185	    1.0185	      0.66	         0	         0
   872	     0	   1.02601	   1.02601	      0.66	         0	         0
   873	     0	   1.03483	   1.03483	  0.632799	         0	         0
   874	     0	   1.05384	   1.05384	      0.66	         0	         0
   875	     0	   1.03155	   1.03155	      0.66	         0	         0
   876	     0	   1.05039	   1.05039	  0.601337	         0	         0
   877	     0	   1.01357	   1.01357	      0.66	         0	         0
   878	     0	   1.03878	   1.03878	      0.66	         0	         0
   879	     0	   1.03306	   1.03306	      0.66	         0	         0
   880	     0	   1.04809	   1.04809	      0.66	         0	         0
   881	     0	   1.02493	   1.02493	  0.640651	         0	         0
   882	     0	   1.03068	   1.03068	      0.66	         0	         0
   883	     0	   1.03432	   1.03432	  0.636992	         0	         0
   884	     0	   1.04824	   1.04824	  0.646286	         0	         0
   885	     0	   1.01357	   1.01357	      0.66	         0	         0
   886	     0	   1.04067	   1.04067	      0.66	         0	         0
   887	     0	   1.05039	   1.05039	  0.601337	         0	         0
   888	     0	   1.04454	   1.04454	  0.576828	         0	         0
   889	     0	   1.04075	   1.04075	      0.66	         0	         0
   890	     0	    1.0185	    1.0185	      0.66	         0	         0
   891	     0	   1.06412	   1.06412	  0.603085	         0	         0
   892	     0	   1.03752	   1.03752	  0.571851	         0	         0
   893	     0	   1.04997	   1.04997	      0.66	         0	         0
   894	     0	   1.03217	   1.03217	  0.598965	         0	         0
   895	     0	   1.01472	   1.01472	  0.630249	         0	         0
   896	     0	   1.02692	   1.02692	      0.66	         0	         0
   897	     0	   1.02417	   1.02417	  0.606572	         0	         0
   898	     0	   1.03068	   1.03068	      0.66	         0	         0
   899	     0	   1.04053	   1.04053	  0.634983	         0	         0
   900	     0	   1.03515	   1.03515	  0.643902	         0	         0
   901	     0	   1.02009	   1.02009	      0.66	         0	         0
   902	     0	   1.03917	   1.03917	  0.626196	         0	         0
   903	     0	   1.03068	   1.03068	      0.66	         0	         0
   904	     0	   1.03462	   1.03462	      0.66	         0	         0
   905	     0	   1.05291	   1.05291	      0.66	         0	         0
   906	     0	   1.03708	   1.03708	   0.65174	         0	         0
   907	     0	   1.03316	   1.03316	  0.585892	         0	         0
   908	     0	   1.03928	   1.03928	  0.651211	         0	         0
   909	     0	   1.02839	   1.02839	      0.66	         0	         0
   910	     0	   1.03213	   1.03213	      0.66	         0	         0
   911	     0	   1.02235	   1.02235	      0.66	         0	         0
   912	     0	   1.02649	   1.02649	      0.66	         0	         0
   913	     0	   1.03068	   1.03068	      0.66	         0	         0
   914	     0	   1.02328	   1.02328	      0.66	         0	         0
   915	     0	   1.04365	   1.04365	  0.604139	         0	         0
   916	     0	   1.03336	   1.03336	  0.563752	         0	         0
   917	     0	   1.03068	   1.03068	      0.66	         0	         0
   918	     0	   1.01357	   1.01357	      0.66	         0	         0
   919	     0	   1.03217	   1.03217	  0.598965	         0	         0
   920	     0	   1.02264	   1.02264	  0.654332	         0	         0
   921	     0	   1.02086	   1.02086	      0.66	         0	         0
   922	     0	   1.03719	   1.03719	  0.641381	         0	         0
   923	     0	    1.0292	    1.0292	   0.58837	         0	         0
   924	     0	    1.0185	    1.0185	      0.66	         0	         0
   925	     0	   1.02086	   1.02086	      0.66	         0	         0
   926	     0	   1.05291	   1.05291	      0.66	         0	         0
   927	     0	   1.03795	   1.03795	  0.632786	         0	         0
   928	     0	   1.01522	   1.01522	      0.66	         0	         0
   929	     0	   1.04324	   1.04324	  0.656208	         0	         0
   930	     0	   1.03206	   1.03206	  0.649284	         0	         0
   931	     0	   1.02086	   1.02086	      0.66	         0	         0
   932	     0	   1.03483	   1.03483	  0.632799	         0	         0
   933	     0	   1.01357	   1.01357	      0.66	         0	         0
   934	     0	   1.03905	   1.03905	      0.66	         0	         0
   935	     0	   1.05622	   1.05622	  0.656609	         0	         0
   936	     0	   1.01194	   1.01194	  0.645076	         0	         0
   937	     0	   1.01357	   1.01357	      0.66	         0	         0
   938	     0	   1.03816	   1.03816	  0.656049	         0	         0
   939	     0	   1.05039	   1.05039	  0.601337	         0	         0
   940	     0	   1.03462	   1.03462	      0.66	         0	         0
   941	     0	   1.05736	   1.05736	      0.66	         0	         0
   942	     0	   1.05639	   1.05639	  0.647174	         0	         0
   943	     0	   1.03217	   1.03217	      0.66	         0	         0
   944	     0	    1.0185	    1.0185	      0.66	         0	         0
   945	     0	   1.03451	   1.03451	      0.66	         0	         0
   946	     0	   1.03451	   1.03451	      0.66	         0	         0
   947	     0	    1.0185	    1.0185	      0.66	         0	         0
   948	     0	   1.03155	   1.03155	      0.66	         0	         0
   949	     0	   1.04075	   1.04075	      0.66	         0	         0
   950	     0	   1.01357	   1.01357	      0.66	         0	         0
   951	     0	   1.05291	   1.05291	      0.66	         0	         0
   952	     0	   1.02859	   1.02859	      0.66	         0	         0
   953	     0	   1.02535	   1.02535	      0.66	         0	         0
   954	     0	   1.03048	   1.03048	  0.650055	         0	         0
   955	     0	    1.0261	    1.0261	      0.66	         0	         0
   956	     0	   1.04168	   1.04168	  0.608374	         0	         0
   957	     0	   1.05291	   1.05291	      0.66	         0	         0
   958	     0	   1.02983	   1.02983	      0.66	         0	         0
   959	     0	   1.04157	   1.04157	  0.578907	         0	         0
   960	     0	   1.04499	   1.04499	      0.66	         0	         0
   961	     0	   1.05291	   1.05291	      0.66	         0	         0
   962	     0	   1.04386	   1.04386	      0.66	         0	         0
   963	     0	   1.04075	   1.04075	      0.66	         0	         0
   964	     0	   1.02235	   1.02235	      0.66	         0	         0
   965	     0	   1.03739	   1.03739	  0.658584	         0	         0
   966	     0	   1.02436	   1.02436	      0.66	         0	         0
   967	     0	   1.02728	   1.02728	  0.645939	         0	         0
   968	     0	   1.02471	   1.02471	      0.66	         0	         0
   969	     0	   1.01847	   1.01847	  0.584708	         0	         0
   970	     0	   1.02218	   1.02218	   0.64803	         0	         0
   971	     0	    1.0356	    1.0356	   0.65251	         0	         0
   972	     0	   1.04024	   1.04024	  0.648943	         0	         0
   973	     0	    1.0454	    1.0454	  0.647619	         0	         0
   974	     0	   1.02587	   1.02587	      0.66	         0	         0
   975	     0	   1.03155	   1.03155	      0.66	         0	         0
   976	     0	   1.02601	   1.02601	      0.66	         0	         0
   977	     0	   1.05736	   1.05736	      0.66	         0	         0
   978	     0	   1.03719	   1.03719	  0.641381	         0	         0
   979	     0	   1.04494	   1.04494	      0.66	         0	         0
   980	     0	   1.02805	   1.02805	      0.66	         0	         0
   981	     0	    1.0377	    1.0377	      0.66	         0	         0
   982	     0	   1.01501	   1.01501	  0.549205	         0	         0
   983	     0	   1.03652	   1.03652	   0.62236	         0	         0
   984	     0	    1.0164	    1.0164	   0.60716	         0	         0
   985	     0	   1.03451	   1.03451	      0.66	         0	         0
   986	     0	   1.04219	   1.04219	      0.66	         0	         0
   987	     0	   1.02493	   1.02493	  0.640651	         0	         0
   988	     0	   1.02445	   1.02445	      0.66	         0	         0
   989	     0	   1.02976	   1.02976	  0.589852	         0	         0
   990	     0	   1.01194	   1.01194	  0.645076	         0	         0
   991	     0	   1.02986	   1.02986	  0.558666	         0	         0
   992	     0	   1.05336	   1.05336	  0.659994	         0	         0
   993	     0	   1.03445	   1.03445	  0.658726	         0	         0
   994	     0	   1.03068	   1.03068	      0.66	         0	         0
   995	     0	   1.05291	   1.05291	      0.66	         0	         0
   996	     0	   1.03451	   1.03451	      0.66	         0	         0
   997	     0	   1.02493	   1.02493	  0.640651	         0	         0
   998	     0	   1.05017	   1.05017	      0.66	         0	         0
   999	     0	   1.01528	   1.01528	      0.66	         0	         0
