   386.463	   383.802	   388.802	   404.177	   420.708	   432.236	   442.252	   453.252	   464.234	   478.403	   499.777	   533.201	   586.368	   655.023	   741.986	   845.134	    950.89	   1012.99	   1023.17	    1021.5	   991.426	   924.215	   844.179	   768.607	   700.926	   642.629	   581.448	   541.506	   510.882	   487.873	   471.235	   458.057	   453.212	   468.237	   508.689	   473.877	   443.592	   457.305	   485.696	   522.187	   561.344	   584.746	   593.916	   591.686	   583.849	    576.27	
   655.482	   590.152	   554.616	   547.245	   551.363	   561.961	   584.965	   646.328	   740.304	   872.303	   1043.91	   1255.96	   1481.05	   1719.88	   1978.16	   2261.89	   2549.43	   2753.77	   2828.62	   2866.63	   2789.98	   2579.02	   2318.07	   2047.95	   1796.21	   1583.63	    1373.2	   1207.48	   1092.25	   1010.82	   949.499	   903.814	   878.841	   880.083	   915.475	   831.741	   765.517	   755.603	   761.795	   791.235	   850.747	   901.299	   939.453	   967.864	   980.754	   970.077	
    607.68	   649.298	   672.947	   703.944	   739.916	   782.689	   841.765	   950.639	   1108.92	   1332.01	   1641.17	   2063.48	   2578.68	   3199.68	   3939.82	   4784.16	   5642.55	   6324.12	   6676.41	   6924.38	   6875.75	   6507.47	   6040.38	   5541.05	   5026.09	   4523.36	    3945.6	   3406.38	   3017.42	   2719.03	   2466.38	   2236.49	   2054.92	   1955.84	   1937.61	   1638.78	   1483.96	   1470.12	   1454.22	   1461.48	      1502	   1502.46	    1478.4	   1453.07	   1430.45	   1415.24	
    518.58	   623.383	   698.998	   777.935	   867.086	   972.876	    1110.7	   1311.23	   1573.67	   1907.43	   2326.82	   2854.82	   3484.86	   4216.94	      5091	   6131.13	   7269.03	   8289.73	   9034.69	    9739.2	   10013.6	   9750.06	   9185.28	   8494.09	   7749.11	   7030.05	   6215.91	    5481.2	   5005.59	   4651.45	   4329.42	    4013.9	    3723.5	   3538.41	   3461.59	   2889.84	   2578.84	   2489.63	    2395.1	   2351.45	   2376.96	   2354.76	   2306.55	   2232.51	   2145.49	   2056.66	
   549.739	   644.035	   721.371	   807.551	   908.464	   1034.38	    1205.3	   1456.13	   1789.36	   2215.39	   2744.68	   3388.57	   4133.56	   4965.93	   5910.81	   6972.68	   8062.74	   8962.85	   9528.35	   10066.7	   10226.3	   9956.93	   9466.72	   8916.63	   8310.71	   7663.89	   6835.83	   6027.46	   5472.59	   5045.95	   4700.66	   4418.76	   4216.75	   4162.27	   4241.14	    3710.3	    3458.6	   3425.22	    3338.9	   3287.21	   3305.68	   3222.62	   3096.51	   2953.52	   2810.04	   2676.76	
   617.356	   670.193	   725.178	   802.345	   900.307	   1022.05	   1185.01	   1417.76	   1725.82	   2121.77	   2621.67	   3241.32	   3968.97	   4795.63	   5743.01	   6802.98	   7869.44	    8741.5	   9280.32	   9762.74	   9834.74	   9467.85	   8854.18	   8196.39	   7526.01	   6877.31	    6131.7	   5473.22	   5055.02	    4734.2	   4460.07	   4219.82	   4030.13	   3968.89	   4048.05	    3629.5	   3483.05	   3563.93	   3623.45	   3727.74	   3901.28	   3945.95	   3890.28	   3767.81	   3606.88	   3430.82	
    693.97	    756.75	    799.26	   842.803	   888.282	   945.712	   1036.45	   1191.18	   1415.44	   1719.58	   2111.56	   2601.45	   3170.66	   3809.65	   4535.81	   5353.07	   6193.75	   6934.69	   7445.06	   7928.42	   8086.59	   7878.86	   7432.38	   6939.05	   6415.77	   5884.54	   5255.25	    4685.5	    4301.4	   3996.63	   3752.58	   3567.35	   3457.05	   3475.69	   3627.17	   3379.38	   3311.74	   3393.45	   3445.49	   3546.92	   3744.65	   3856.83	   3923.75	   3958.11	   3956.64	   3912.05	
   592.937	   710.159	   788.935	   860.396	   923.732	   978.508	    1035.1	   1111.13	   1213.47	   1355.09	   1554.42	   1830.69	    2188.6	   2623.64	   3145.59	   3743.71	   4363.06	    4915.3	   5306.06	   5684.09	    5854.1	   5787.87	   5556.45	   5290.69	   4996.14	      4681	   4269.86	   3886.76	   3631.12	    3420.8	   3243.57	   3101.96	   3009.66	    3012.9	   3126.73	   2937.47	   2902.55	   3008.42	   3117.38	   3284.95	   3534.25	   3687.17	   3769.36	   3802.82	   3806.62	   3798.57	
   527.561	   686.142	   780.162	   843.557	   884.078	   911.141	   942.112	   989.729	   1063.26	   1164.93	   1295.25	   1455.61	   1646.39	      1856	   2101.76	   2399.01	    2736.7	   3078.36	   3362.44	   3671.47	   3864.31	   3900.69	   3811.28	   3688.11	   3540.25	   3379.66	   3153.65	   2945.91	   2819.39	    2720.3	   2640.63	    2580.6	   2556.67	   2606.81	   2746.08	   2624.89	   2597.47	   2669.96	   2740.85	   2861.42	   3061.72	   3203.39	   3316.88	   3416.12	   3500.87	   3564.15	
   369.135	   557.355	   674.797	     763.5	   829.227	   870.421	   895.626	   912.268	   931.433	   961.844	   1013.62	    1095.2	   1214.89	      1365	   1547.74	   1753.83	    1956.1	   2112.08	   2198.51	   2294.44	   2349.03	   2352.36	   2321.33	   2297.11	   2270.06	   2233.31	   2147.47	    2063.7	      2016	    1979.9	   1956.59	   1949.46	   1973.84	   2055.95	   2211.36	   2169.71	   2172.87	    2250.2	   2331.57	   2452.31	   2629.93	   2749.22	   2829.05	   2882.91	   2922.15	   2957.31	
   353.625	   552.826	   654.884	   705.541	   722.901	   724.989	   730.445	   745.813	   774.229	   813.437	   860.853	   916.451	   981.669	   1050.85	   1133.66	   1235.26	   1349.21	   1453.08	   1527.49	   1612.34	   1654.07	   1636.37	   1568.22	   1497.98	   1433.56	   1384.96	   1332.93	   1304.18	   1305.66	   1320.93	   1343.27	   1372.64	   1417.07	   1495.24	   1623.25	   1616.94	   1625.13	   1691.93	   1774.37	   1891.85	   2053.39	   2169.53	   2253.88	   2316.54	   2362.69	   2396.64	
   209.016	   423.361	   548.769	   628.003	   674.382	   690.482	   684.585	    668.12	   650.191	   637.167	   639.378	   663.696	   714.407	     782.5	   866.546	   959.026	   1045.38	    1094.4	   1105.36	   1118.57	   1116.78	   1094.35	   1056.69	   1029.92	   1007.44	   984.693	    944.85	    910.69	   884.481	   866.523	   860.968	   872.093	    906.55	   971.858	   1076.27	   1096.84	   1105.25	   1147.27	   1206.81	   1289.28	   1401.78	   1490.43	   1563.22	    1624.7	   1677.38	   1722.06	
    68.878	   160.128	   254.672	   339.393	   408.259	    457.39	   490.032	   501.646	   511.393	   522.185	   532.815	   542.719	   560.079	   577.683	   600.496	   636.073	   683.472	   723.359	   752.065	   782.849	    797.18	   781.795	   740.575	   698.294	   659.938	   630.419	   602.182	   587.366	   585.075	   589.833	   596.228	   602.748	   612.713	    632.43	   671.302	   662.641	   644.516	   658.212	   696.904	   754.257	   828.901	   889.772	   937.817	   976.753	   1009.12	    1038.3	
   8.53102	   22.6442	   40.6545	    63.594	   91.6625	   124.764	   163.207	   207.984	   245.881	   278.419	   307.602	   335.631	   360.114	    388.54	   422.064	   457.248	    485.71	   497.046	   490.713	   481.831	   473.053	   460.072	   445.451	   435.691	   427.403	   418.032	   400.894	   377.935	   359.147	   345.551	   337.962	    337.49	   347.073	    368.03	   401.845	   400.725	   377.347	   366.509	   369.528	   379.962	   400.667	   420.852	   442.228	   464.817	   487.509	    508.66	
  0.408045	   1.40231	   2.95717	    5.2313	   8.50516	   12.7897	   18.6814	   30.6699	   45.1912	    62.488	   83.3745	   108.875	   135.442	   160.433	   185.105	   210.573	   235.275	   252.442	   264.387	     274.4	   279.198	   271.364	   255.059	    237.68	   222.214	   211.324	   202.838	    190.62	   183.317	   178.972	   175.422	   172.093	   170.095	   170.999	   177.144	   168.099	   150.238	   143.828	   149.031	   157.638	    167.85	   173.642	   175.255	    174.34	   173.007	   173.501	
0.00360988	 0.0697755	  0.177976	   0.34788	  0.577803	  0.867685	   1.24546	   1.88121	   3.02562	   4.87609	   7.48257	   11.2604	   16.4153	   22.8271	   30.7867	   40.7955	   52.9492	   65.9306	   75.0529	   81.9971	   88.3774	   92.3769	    93.126	   92.9602	   92.6124	   91.6644	   88.7403	   86.5985	   83.4936	   80.4312	   78.0833	    76.916	   77.4576	   79.8223	   84.3322	   78.7869	   65.4561	   57.5637	      55.6	   54.8602	   55.4602	   55.9506	   56.6847	   57.5995	   58.3078	   58.4393	
         	         	         	         	         	         	         	         	         	         	         	         	         	         	         	         	         	         	         	         	         	         	         	         	         	         	         	         	         	         	         	         	         	         	         	         	         	         	         	         	         	         	         	         	         	         	
         	         	         	         	         	         	         	         	         	         	         	         	         	         	         	         	         	         	         	         	         	         	         	         	         	         	         	         	         	         	         	         	         	         	         	         	         	         	         	         	         	         	         	         	         	         	
   220.726	   238.746	   257.793	   281.265	   306.284	   330.723	   359.852	   393.658	   435.258	     487.2	   550.896	   628.117	   720.081	   823.953	   942.243	   1071.67	   1195.32	   1262.21	   1260.89	   1241.74	   1188.38	   1092.94	   988.153	   890.375	   800.512	    721.19	   637.807	   579.554	   536.405	   503.084	   475.029	   449.115	    430.41	   432.392	   457.591	   422.781	   395.791	   405.059	   425.014	   449.219	   473.592	   488.102	   492.631	   488.295	   479.421	   470.364	
   366.813	   353.996	   349.709	    358.68	   378.111	   410.198	    469.26	   565.069	   708.213	   912.272	   1188.44	   1547.07	   1961.21	   2428.33	   2948.67	   3516.62	   4085.39	    4531.8	   4769.02	   4917.04	   4819.43	   4474.07	   4018.08	   3534.72	   3060.82	   2635.92	    2198.5	   1846.09	   1624.08	   1463.86	   1314.23	    1173.3	   1057.58	   987.897	   964.464	   830.112	   742.356	    723.25	    719.32	   730.058	   760.623	   783.733	   799.526	   810.414	   811.579	   796.236	
   328.811	   362.015	   384.754	   410.551	   441.212	   480.458	   541.465	   635.434	   774.208	   974.176	   1258.62	   1659.59	    2182.9	   2863.71	   3737.76	    4803.5	   5971.43	   7044.59	    7817.3	   8435.05	   8573.05	    8249.7	   7710.61	   7082.26	   6371.91	   5601.67	   4697.54	   3862.82	   3333.86	   2953.08	   2607.16	   2270.08	   1973.76	   1772.38	   1656.23	   1345.97	   1171.07	   1126.81	   1092.23	   1070.45	   1068.19	    1045.2	   1011.58	   980.547	   955.051	   938.599	
    277.15	   332.202	   372.243	    411.01	   452.454	   501.598	   575.065	   679.363	   826.604	   1029.01	   1300.84	   1660.36	   2114.99	   2674.85	   3374.36	   4241.79	   5247.08	   6269.28	   7191.31	   8121.97	    8640.6	   8642.87	   8270.36	   7691.38	   6972.11	   6190.75	   5275.73	   4433.74	   3931.37	   3574.43	   3242.89	    2933.3	   2645.46	   2445.46	   2332.45	   1928.59	    1679.5	   1595.31	   1525.87	   1475.94	   1458.99	   1424.42	   1382.22	   1327.81	   1269.36	   1213.42	
   289.904	    332.05	   366.605	   403.207	   442.837	   489.292	   557.678	    654.08	   791.395	   982.913	   1243.28	   1590.68	   2039.85	   2595.77	   3280.96	   4099.24	    4993.6	   5817.48	    6461.7	   7067.81	   7362.49	   7318.98	   7067.95	   6721.86	   6267.25	    5703.1	   4945.21	   4181.02	   3685.08	   3315.09	   3010.97	   2776.51	   2610.29	   2551.99	   2591.71	    2294.8	   2124.87	   2106.76	   2074.12	   2036.31	   2023.49	   1958.96	   1873.12	   1779.51	   1686.95	   1601.66	
   339.075	   353.664	   370.562	   396.888	   429.435	   467.099	   519.133	   590.693	   693.638	   840.433	   1046.02	   1327.85	   1703.68	   2178.87	   2775.59	   3502.77	   4321.24	   5114.47	   5786.35	   6441.47	    6801.7	   6806.58	   6551.52	   6164.93	   5677.48	   5133.73	   4475.85	    3859.1	   3479.74	   3197.99	   2951.59	   2743.51	   2579.15	   2512.08	   2553.41	   2327.34	    2236.7	   2310.54	    2393.6	   2478.15	   2582.98	   2611.99	   2577.76	   2496.13	   2385.16	   2261.87	
    410.17	   430.114	   438.578	   445.351	   449.824	   455.439	     472.2	   506.839	   566.264	   658.329	   791.754	   978.195	   1230.17	   1554.62	   1969.71	   2486.41	    3082.6	   3686.04	   4222.68	   4768.93	    5131.3	    5260.6	   5211.18	   5068.05	   4824.75	   4489.58	   4009.39	   3514.02	   3174.08	   2901.31	   2672.63	   2495.45	   2377.67	   2357.82	   2439.06	   2310.84	   2264.62	    2324.6	   2387.07	   2467.11	   2598.12	   2687.55	   2754.59	   2799.75	   2815.28	   2791.69	
   359.009	   414.724	   451.233	    482.54	   506.722	   521.485	   530.324	   537.612	   550.073	   575.677	   624.981	   709.715	   842.616	   1029.06	   1281.97	   1606.59	   1988.58	   2387.66	   2758.12	   3153.11	   3452.09	   3614.79	   3661.43	   3645.82	      3561	   3409.36	   3151.36	   2878.46	   2703.98	   2561.54	   2433.23	   2323.57	   2240.03	   2220.62	   2278.25	    2165.4	   2130.15	   2194.19	   2276.64	   2389.94	   2548.22	   2657.92	   2729.36	   2771.86	   2795.69	   2810.83	
   320.427	   404.308	   455.428	   489.226	   509.282	   519.972	   530.194	   543.858	   564.538	   594.014	   633.335	   684.465	   750.324	   830.276	   934.479	   1075.44	   1256.63	   1467.33	   1685.28	   1942.99	   2163.35	   2310.81	   2387.39	    2429.3	   2430.21	   2389.86	   2276.94	   2148.96	   2074.47	   2016.21	    1968.8	   1938.98	   1935.86	   1989.49	   2110.69	   2075.26	    2074.4	   2135.03	   2193.49	   2269.84	    2388.6	   2476.23	    2554.5	   2630.12	   2701.25	   2760.15	
   213.762	   313.834	    382.65	   438.484	   482.903	   512.976	   531.603	   542.803	   550.993	   561.763	   581.394	   615.496	   666.624	   735.139	   822.864	   926.903	   1036.16	   1130.41	    1196.2	   1272.11	   1333.77	   1378.89	    1414.4	   1457.07	   1494.59	   1515.74	   1494.29	   1462.56	   1454.93	   1454.29	   1460.17	   1476.81	   1512.39	   1587.84	   1717.09	   1733.03	   1765.79	   1852.24	   1949.47	   2067.59	   2216.82	    2323.8	   2397.08	    2443.1	   2471.51	   2493.15	
   206.957	   311.894	   370.679	   402.547	   416.504	   422.748	   432.446	    448.88	   472.329	   501.074	   532.645	    566.64	   602.622	   640.482	   685.249	   741.762	   808.805	   875.044	    931.53	   998.097	   1042.77	   1053.15	   1031.35	   1001.93	    971.11	   947.606	   923.057	   918.268	    935.76	   964.568	   999.177	   1039.66	   1091.46	    1169.1	   1285.27	   1325.76	   1362.23	   1435.92	   1522.67	   1630.24	   1767.08	    1881.8	   1981.02	   2068.02	   2142.23	   2201.81	
   120.392	   239.627	   316.169	   368.026	    401.51	   417.148	    419.07	   414.886	   407.881	   402.423	   405.615	   422.691	   454.547	   498.824	   553.741	   614.482	   672.665	   713.404	   732.263	   752.957	   763.701	    763.18	    754.46	   750.887	   747.547	    740.49	   718.486	   698.688	   682.908	     673.3	   674.354	   690.124	    725.33	   785.175	   876.358	   923.822	   954.672	   1007.07	   1073.99	   1157.29	    1261.8	   1354.06	    1436.7	   1510.89	   1578.41	   1640.48	
   44.1932	   96.5804	     152.6	   205.081	    250.39	   286.024	   312.548	   326.043	    337.19	   348.035	   357.381	   364.844	   374.598	   383.545	   395.323	   415.968	   447.048	   481.297	   512.421	   549.306	   574.826	   581.209	   569.832	   554.413	   538.197	   525.589	   512.243	   509.131	    513.71	   522.928	   532.789	   541.947	   552.809	   570.491	   603.462	   610.833	   608.309	   628.849	   669.504	   726.009	   796.715	    860.94	   918.594	   971.498	   1020.42	   1066.96	
   6.76896	   16.7588	   29.5351	   45.5665	   64.9106	   87.6696	   114.042	   145.548	   173.136	   197.506	   219.808	   240.745	   256.614	   274.709	   296.347	   319.083	   338.002	   348.565	   347.371	   347.205	   346.761	   346.902	   348.464	   354.361	    361.28	   366.308	   363.677	   359.913	   356.351	   354.772	   356.568	   363.261	   377.457	   400.924	   435.695	   445.752	   433.428	   427.539	     430.9	   440.814	   460.545	   482.824	    508.85	   537.889	   568.513	   598.878	
  0.392434	   1.29799	    2.7121	   4.76358	   7.66338	   11.2711	   16.1865	   26.1914	   38.2325	   52.3438	   69.0082	   88.5477	   107.449	     125.1	   142.616	   161.109	   179.539	   194.853	     205.8	   217.605	   224.229	   222.614	   217.411	   207.035	   197.777	   192.567	   190.268	   192.262	   198.068	   206.032	   213.874	    220.76	   227.833	   237.032	   251.389	   252.201	   241.352	       239	   247.052	   258.706	    271.89	    280.16	   283.517	    283.64	   283.105	   284.934	
0.00368899	 0.0744376	  0.191828	   0.37069	  0.614258	  0.929762	   1.36782	   2.12003	   3.37954	   5.30989	   7.88429	   11.5846	   16.3355	     22.25	   29.5244	   38.5172	   49.3072	   60.9284	    70.078	   78.9181	    86.847	   93.1976	   96.6564	    100.21	   103.023	   104.744	   103.989	   103.665	   103.162	   103.443	   105.171	   108.746	   114.715	   123.291	   135.134	   137.814	   129.935	   125.121	   126.333	   129.182	   133.742	    137.69	   141.198	   144.279	   146.553	   147.694	
         	         	         	         	         	         	         	         	         	         	         	         	         	         	         	         	         	         	         	         	         	         	         	         	         	         	         	         	         	         	         	         	         	         	         	         	         	         	         	         	         	         	         	         	         	         	
         	         	         	         	         	         	         	         	         	         	         	         	         	         	         	         	         	         	         	         	         	         	         	         	         	         	         	         	         	         	         	         	         	         	         	         	         	         	         	         	         	         	         	         	         	         	
   4214.72	   3807.54	   3838.52	   4147.03	   4593.24	    4928.1	   5201.93	   5399.48	   5503.23	   5541.73	   5550.66	   5576.37	   5849.92	    6103.6	   6397.68	   6963.55	   8042.79	   8856.24	   9104.01	   9338.61	    9660.3	   9709.11	    9261.3	   8656.22	   8039.66	   7729.39	   7187.32	   6808.39	   6477.82	   6145.61	   5816.95	   5500.07	   5217.06	   4944.25	   4531.33	   3853.11	   4244.12	   4613.42	   4390.87	   4280.23	      4780	    5128.8	   5353.54	   5467.84	   5517.45	   5391.65	
   6012.24	   4910.98	   4610.18	   4733.85	   5062.34	      5351	   5679.06	    6238.2	    6934.5	   7762.66	   8676.94	   9640.33	   10661.4	   11504.2	   12306.1	   13483.5	   15372.7	   16905.6	   17581.2	   18198.4	   18714.3	   18566.6	   17705.9	   16375.1	   14920.9	   13961.3	   12661.6	   11492.4	   10611.2	   9858.33	   9185.52	   8621.55	   8164.75	   7615.29	   6797.09	   5677.29	   6104.39	   6329.32	   5763.04	   5486.54	   6146.84	   6709.01	   7182.96	   7574.35	    7830.4	   7673.62	
   4827.36	   4672.94	   4804.54	   5199.49	    5758.7	    6250.4	   6758.23	   7467.91	   8327.92	   9386.36	   10700.1	   12333.9	   14318.3	   16366.3	   18580.8	   21369.5	   25048.9	   28090.1	   29612.3	   30922.5	   31980.1	   32021.3	   31480.1	   30247.9	   28593.6	   27389.5	   25336.5	   22922.2	   20978.2	   19189.9	     17507	   15908.2	   14527.1	   13193.1	   11547.8	   9073.29	   9591.53	   9976.26	   9002.45	    8380.4	   8994.55	   9298.35	    9436.1	   9528.19	      9603	   9470.87	
   3570.46	   3887.09	   4305.01	   4935.44	   5757.07	   6559.78	   7431.97	   8478.06	   9640.61	   10920.2	   12326.7	   13901.8	   15810.3	   17668.3	   19695.7	   22462.5	   26415.7	   30030.5	   32520.1	   35056.3	   37297.6	   38184.4	   37986.4	   36721.8	   34889.4	     33711	   31751.2	     29516	   28005.2	   26577.7	   25055.2	   23456.7	   21841.6	   20061.2	   17643.2	   13739.1	   14234.2	   14389.6	   12700.1	   11620.7	   12252.4	   12524.1	   12640.6	     12567	   12371.1	   11836.1	
   3241.11	    3443.7	    3813.7	   4397.79	   5170.21	   5958.28	   6854.53	   7954.52	   9208.44	   10605.1	   12121.8	   13738.9	     15622	   17363.8	   19131.9	   21437.9	   24691.4	   27467.1	   29086.8	   30775.3	   32413.8	   33243.7	   33418.2	   32945.9	   32021.1	   31509.7	   30019.4	   27996.4	   26498.6	   25069.4	   23783.7	   22709.3	   21906.3	   21087.5	   19546.6	   16018.4	   17281.6	   17908.3	   16042.3	   14742.8	   15395.2	   15407.3	   15181.7	   14820.1	     14405	     13678	
   3100.96	   3059.78	   3284.73	   3753.66	   4414.62	    5089.6	   5844.45	   6728.37	   7714.76	   8807.21	   10012.6	   11331.9	   12909.8	   14407.1	   15951.2	   17950.5	   20735.5	   23127.6	   24534.4	   25935.5	   27213.9	   27729.7	   27490.4	   26688.6	   25593.9	   25012.8	   23862.1	   22580.4	   21802.4	   21031.1	   20253.3	   19532.5	   18919.9	   18250.5	   17038.4	     14383	   16007.4	   17210.2	   16143.1	   15565.4	   16916.8	   17526.7	   17665.2	   17446.2	   16995.6	   16072.7	
    2996.6	   2966.64	    3104.2	    3381.6	   3749.93	   4086.69	   4483.34	   5008.27	   5645.11	   6386.36	   7208.02	   8100.72	   9157.35	   10123.1	   11103.3	   12431.5	     14397	   16228.8	   17436.9	   18694.9	   19928.2	   20629.1	   20658.4	   20258.3	   19590.5	   19256.1	   18399.6	   17376.5	   16660.4	   15935.9	   15281.8	   14793.2	   14519.5	   14275.5	   13605.7	     11953	   13592.4	   14674.2	   13779.4	   13350.2	   14702.8	   15575.5	   16255.4	   16765.6	     17090	   16850.6	
   2214.08	   2409.74	   2647.21	   2982.33	   3377.07	   3682.99	   3939.65	   4164.22	   4370.95	   4591.66	   4866.71	   5230.02	   5793.98	   6366.16	   6996.05	    7875.6	   9205.26	   10464.8	   11310.6	   12211.7	   13173.9	   13870.6	   14112.6	   14090.6	   13894.4	   13944.7	   13576.2	   13055.6	     12710	   12298.7	   11861.5	   11486.9	   11207.7	   10884.1	     10223	   9031.57	   10362.7	   11334.2	   10852.3	   10753.7	   12089.5	   12999.3	   13666.2	   14142.6	   14495.8	   14505.2	
   1707.28	   2014.34	   2257.08	   2518.49	   2789.84	   2978.01	   3145.15	   3298.05	   3457.68	   3615.29	    3755.4	    3875.1	   4077.89	   4210.65	   4354.95	   4693.89	   5391.56	   6142.32	   6721.67	   7406.18	   8179.59	   8803.43	   9071.73	   9155.44	   9126.96	   9296.65	   9201.17	   9027.07	      8960	   8838.93	   8673.81	   8521.76	    8418.2	    8243.4	   7760.88	   6932.56	   7956.43	   8622.37	   8145.77	   7970.85	   8928.22	   9651.24	   10299.4	   10900.3	     11454	   11703.3	
   1040.94	    1421.8	   1690.69	   1972.09	   2264.32	   2466.29	   2604.55	   2669.61	    2690.3	    2686.5	   2679.38	   2686.37	   2798.93	   2896.15	   3005.04	   3222.66	   3645.93	   4014.79	    4200.2	   4438.67	   4784.21	   5116.84	   5294.13	   5426.21	   5527.52	   5766.06	   5824.43	   5822.76	   5852.82	   5832.57	   5776.18	   5734.03	    5732.5	   5670.31	   5375.49	   4900.26	   5692.05	   6210.82	   5892.93	   5777.76	   6485.54	   7007.62	   7435.72	   7794.02	   8113.28	   8248.49	
   864.539	   1218.01	    1412.2	   1566.32	    1698.3	   1772.99	    1842.3	      1905	   1966.38	   2013.91	   2033.55	   2024.14	   2051.89	   2034.15	   2015.63	   2088.15	   2334.02	   2587.17	   2752.78	   2965.65	   3227.75	   3431.23	   3440.28	   3386.71	   3317.72	   3377.19	   3378.38	   3403.05	   3475.68	   3536.35	   3565.11	   3589.46	   3615.81	   3575.62	   3367.75	   3100.81	   3621.92	    3975.5	   3800.35	   3757.76	   4272.29	   4671.45	   5008.71	   5299.04	   5553.55	   5653.14	
    450.69	   812.677	   1026.85	   1207.96	   1371.05	   1459.35	    1491.3	   1474.71	   1430.57	   1373.16	   1323.06	   1292.51	   1325.16	    1350.7	   1378.16	    1454.3	   1630.38	   1766.27	   1814.03	   1884.32	   2008.13	   2127.35	    2154.1	   2166.48	   2168.89	   2231.74	   2212.21	   2177.26	   2141.54	   2092.74	   2041.24	   2017.06	   2024.49	   2008.25	   1897.47	    1777.5	   2085.21	   2282.48	   2177.26	   2145.73	   2448.37	   2701.31	   2930.51	    3140.9	   3337.11	   3436.31	
   129.092	   268.506	   416.314	   569.008	   721.548	   838.917	   925.925	   961.705	   978.501	   979.533	   959.998	    920.47	   905.218	   869.752	   834.629	   845.623	   938.766	   1032.84	    1095.8	   1174.65	   1280.39	   1361.01	   1352.69	   1316.14	   1272.83	   1280.75	   1262.53	   1255.64	   1265.24	   1268.45	   1250.88	   1223.47	   1189.04	   1121.96	   1000.31	   904.231	   1027.24	   1107.49	   1057.97	   1049.74	   1211.98	   1352.67	   1477.47	    1590.1	   1694.22	   1748.74	
   13.8811	   32.9582	    57.707	   92.7839	   141.339	   200.022	   269.809	   348.527	   410.347	   454.555	   481.784	   494.867	   506.898	   510.085	   511.626	   529.733	   580.844	   617.379	   621.923	   629.792	   663.655	   701.894	   714.764	   722.392	    725.33	   746.918	    737.98	   707.893	   679.502	   649.275	   618.474	   596.504	   584.974	   563.916	   511.618	   464.567	   510.072	   521.537	   471.212	   441.364	   489.768	   536.578	   585.952	   637.839	   691.118	    722.87	
  0.576683	   1.77028	   3.63503	   6.61435	     11.38	   17.8049	   26.8441	   44.6712	   65.6762	    89.037	   114.146	   140.407	   166.693	    183.81	   195.416	    212.22	   244.824	   273.338	   292.396	   312.972	   341.368	   360.194	   355.461	   341.977	   327.397	   328.347	   325.346	   311.542	   302.861	   293.456	   279.524	   264.067	   248.096	   225.886	   193.477	    167.07	   174.438	   175.902	   162.714	   155.754	   173.885	   187.087	   195.851	   201.716	    207.09	   208.289	
0.00449238	 0.0779285	  0.194196	  0.390747	  0.686914	   1.07446	   1.59306	   2.44465	   3.93092	   6.22173	   9.18748	   13.0384	   18.1507	   23.5551	    29.351	   37.2027	   49.8934	   64.6372	   75.1789	   84.7368	   97.9853	   111.316	   117.976	   121.686	   124.141	   129.476	    129.28	   128.416	   125.088	   119.581	   112.812	   107.008	   102.413	   95.4593	   83.1264	    70.494	   68.2725	   63.0874	   54.2065	   48.2198	   51.0642	   53.5748	   56.2794	   59.1521	   61.8443	    61.923	
         	         	         	         	         	         	         	         	         	         	         	         	         	         	         	         	         	         	         	         	         	         	         	         	         	         	         	         	         	         	         	         	         	         	         	         	         	         	         	         	         	         	         	         	         	         	
         	         	         	         	         	         	         	         	         	         	         	         	         	         	         	         	         	         	         	         	         	         	         	         	         	         	         	         	         	         	         	         	         	         	         	         	         	         	         	         	         	         	         	         	         	         	
   1938.16	   1928.39	    2061.5	   2321.34	   2671.01	   2994.91	   3338.79	   3670.28	   4003.78	   4347.41	   4698.95	   5064.84	   5559.18	   6018.33	   6494.56	    7136.1	   8043.55	   8643.94	   8745.73	   8774.52	   8815.29	    8632.5	   8196.97	   7641.03	   7054.88	   6685.19	   6142.56	   5713.88	   5358.46	   5024.19	   4707.87	   4392.73	   4099.35	   3842.67	   3535.89	    3011.8	    3214.3	    3441.4	   3294.61	    3228.9	   3497.23	   3679.18	   3789.06	   3831.76	   3837.42	   3731.87	
   2675.46	   2385.36	   2350.85	   2498.19	   2777.61	   3100.03	   3569.46	      4210	   5054.53	    6134.2	   7442.74	   8963.56	   10654.9	   12302.8	   13982.7	   15996.3	   18547.9	   20683.5	   21893.3	   22833.1	   23348.9	   22957.3	     21919	   20257.3	   18318.8	   16818.5	   14943.7	   13171.5	   11928.2	   10879.5	   9892.18	   8961.89	   8139.95	   7328.03	   6428.51	    5185.5	   5269.93	   5352.03	   4888.49	   4647.01	   4991.85	   5267.08	   5501.47	   5700.96	   5826.96	   5680.94	
   2082.36	   2109.05	   2223.51	   2449.07	   2768.78	   3093.49	   3498.48	   3996.55	   4621.46	   5416.69	   6439.77	   7765.57	   9476.12	   11471.5	   13858.9	   16884.7	   20705.1	     24268	   26793.7	   28969.2	   30612.1	   31192.8	   31174.9	     30293	   28680.4	   27120.9	     24581	   21637.2	   19533.1	   17710.5	     15956	     14217	   12622.9	   11136.3	   9568.94	   7400.92	    7386.2	   7449.14	   6663.49	   6137.49	   6321.23	   6344.27	   6302.54	   6260.57	   6238.76	   6115.14	
   1527.67	   1678.16	   1857.32	   2111.16	   2440.98	   2774.79	   3193.37	   3679.06	      4262	   4959.75	   5785.67	   6763.24	   7999.08	   9330.79	     10881	   12950.1	   15788.3	   18702.5	   21250.9	     23898	   26273.1	   27693.3	   28260.9	   27812.9	   26616.8	   25573.5	   23741.1	   21579.4	   20246.7	   19073.4	   17815.9	   16571.7	     15305	   13961.8	   12326.5	   9727.09	   9716.06	   9684.61	   8567.97	   7806.79	   7956.89	   7947.27	    7887.4	    7739.7	   7549.55	   7181.35	
   1362.39	    1434.6	   1567.93	   1777.79	   2054.57	   2334.07	   2678.95	   3073.19	    3545.5	   4115.98	   4799.59	   5619.69	   6696.91	   7872.59	   9218.34	   10936.8	   13186.6	   15293.8	     16881	   18430.1	   19866.8	   20820.3	   21402.7	   21494.6	   21118.7	   20782.9	   19634.4	   17979.9	   16852.7	   15847.6	   14958.1	     14294	   13828.1	   13402.6	   12657.2	     10712	   11335.6	   11768.4	   10700.4	    9901.1	   10128.4	   10024.5	   9797.37	   9501.02	   9183.06	   8677.11	
   1348.48	   1298.03	   1352.07	   1497.37	   1710.41	   1922.92	    2169.4	   2437.59	   2752.85	   3133.87	   3599.03	   4170.43	    4957.3	   5833.42	   6858.93	   8204.81	   10027.4	   11833.8	   13319.9	   14815.7	   16201.5	   17098.9	   17488.4	     17340	   16785.8	   16377.9	   15496.8	   14401.4	   13767.6	   13211.7	   12666.9	   12209.5	   11829.9	   11463.6	   10895.3	   9561.27	   10529.5	   11432.9	   10976.3	   10748.7	   11547.6	   11944.5	   12056.1	   11927.8	   11638.4	   11026.4	
   1400.08	   1352.69	   1368.61	   1435.73	   1533.14	   1612.65	   1713.94	   1840.67	   2005.63	   2216.27	   2475.74	   2795.27	   3253.92	   3768.31	   4384.06	   5227.42	   6418.99	   7651.56	   8706.92	    9811.7	   10925.1	   11806.7	     12393	   12663.4	   12633.7	   12652.1	   12200.1	   11446.8	   10900.4	     10353	   9847.42	   9469.64	   9233.64	   9051.25	      8708	   7956.92	   8926.68	   9663.74	   9248.21	   9095.34	   9937.47	   10576.8	   11141.7	   11614.3	   11962.6	   11901.3	
   1062.85	   1129.68	   1216.52	   1342.12	   1489.03	    1592.5	   1665.57	   1701.77	   1718.56	   1734.97	   1773.99	    1858.3	   2054.07	   2297.96	   2617.67	   3088.81	   3791.24	   4542.82	   5206.91	   5935.09	   6722.08	   7415.34	   7920.27	   8246.14	   8402.03	   8628.69	   8566.03	   8325.27	   8203.47	   8036.92	    7831.8	   7638.77	   7460.28	   7232.18	   6823.27	   6221.24	   6985.79	   7586.74	   7335.34	   7325.26	   8124.14	   8746.09	   9263.01	   9688.56	   10057.7	   10200.6	
   824.946	   953.539	   1058.58	   1170.68	   1287.34	   1368.29	   1439.58	   1496.35	   1544.56	   1582.21	    1604.7	   1615.18	   1664.89	   1699.18	    1754.6	    1907.7	   2226.69	   2609.03	   2976.04	    3422.8	   3944.84	   4439.53	   4807.28	    5082.5	   5271.18	    5533.2	    5615.8	   5591.92	   5621.53	   5612.37	   5577.89	    5562.7	   5572.17	   5542.67	   5344.92	    5005.2	   5692.66	   6162.96	   5877.97	   5764.86	   6311.16	   6760.16	   7202.88	   7650.09	    8099.4	   8353.43	
   483.735	   644.802	   771.307	   908.121	   1054.82	   1164.82	    1244.9	    1289.3	   1305.61	   1303.53	   1293.79	   1287.14	   1323.86	   1357.38	    1401.7	   1500.09	   1691.83	    1871.9	   1983.34	   2122.04	   2320.95	   2541.31	   2718.52	   2888.47	      3046	   3273.59	   3398.22	   3468.86	   3558.73	   3619.31	   3657.71	   3702.48	   3757.63	   3770.59	   3656.27	   3493.34	   4050.67	   4471.71	   4359.48	   4368.55	   4872.49	   5276.12	   5617.82	   5904.24	   6158.68	    6268.8	
   407.606	   554.026	   643.174	   716.188	   781.722	   826.418	   873.956	   922.525	   970.473	   1010.02	   1031.68	    1034.2	   1048.84	   1041.75	    1034.2	    1071.4	   1191.41	   1322.21	   1422.46	   1547.62	   1701.82	   1835.48	   1876.37	   1877.33	   1863.89	   1919.18	   1946.57	   1994.49	   2073.48	   2150.27	   2212.71	   2273.62	   2332.88	   2353.84	   2282.78	   2214.39	   2592.94	   2879.65	   2822.03	   2847.18	   3217.34	   3547.93	   3863.56	   4166.55	   4456.08	   4618.13	
   212.706	   372.512	   477.058	   567.969	   652.381	   704.285	   729.868	    733.44	   720.549	   698.599	   678.948	   669.461	   689.374	    709.26	   732.116	    779.11	   873.079	    954.96	    996.87	   1049.37	   1130.31	   1216.64	   1259.82	   1292.39	   1315.93	   1371.75	   1375.16	   1364.79	   1350.57	   1328.76	    1308.6	   1308.12	    1327.8	   1335.29	   1292.19	   1272.46	   1500.47	   1668.41	   1638.63	   1657.63	   1888.23	   2104.43	   2316.08	    2523.1	   2728.85	   2862.65	
   67.5916	   131.137	   201.279	   276.203	   354.227	   419.699	   472.535	   500.472	   517.203	   524.209	   518.208	   499.717	   490.588	    470.88	   452.113	     457.8	   505.938	   564.316	   613.143	   674.733	   751.631	   820.683	   843.936	   847.275	   841.882	   865.685	   869.946	   879.597	   895.739	   905.616	   900.679	   886.946	   864.754	   818.758	   738.954	   694.383	   789.951	   860.816	   840.448	   851.249	   976.873	   1098.36	   1218.04	   1337.54	   1458.26	   1539.97	
   9.00034	     19.77	   33.8576	   53.4366	   80.1336	   112.418	   150.788	   195.188	   231.529	   258.776	   276.832	   286.245	    292.05	   293.268	   294.617	   304.838	   331.496	   353.676	   359.707	   369.816	   394.532	   427.876	   452.005	   474.879	   495.443	   528.308	   539.643	   541.947	   540.559	   533.589	   522.369	   513.969	   508.877	    493.24	   453.058	   427.612	   473.011	   489.178	   448.565	   425.291	   463.962	   506.501	   555.592	   610.761	   671.141	   713.567	
  0.454542	   1.33164	   2.70024	   4.85354	   8.22565	   12.5656	   18.6201	   30.5644	   44.5579	   59.8658	   75.9234	   91.9858	   106.768	   116.407	   123.367	   133.798	   153.078	   172.086	   185.614	   201.796	    221.77	   238.222	   244.162	   240.044	    234.85	   240.965	   245.506	   252.119	   261.798	   269.792	   272.198	   270.592	   265.317	   250.999	    223.97	   206.928	   225.259	   233.653	   218.991	   211.363	   230.884	   246.542	   258.466	   267.967	   277.559	   281.309	
0.00377233	 0.0677948	  0.170121	  0.336778	  0.588165	  0.926189	   1.40706	   2.21644	   3.53442	   5.45787	   7.80773	   10.8446	   14.6378	   18.7097	   23.1311	   29.0184	   38.1626	   48.8571	   57.4188	   66.5196	   78.1323	   90.8171	   98.9987	    106.04	   111.623	    119.45	   122.132	     123.6	   123.928	   123.123	   121.691	   121.212	   121.495	   118.659	   109.223	   102.435	   109.683	   110.396	   100.766	   94.6454	   101.639	   108.284	   114.874	   121.428	   127.684	   128.972	
